1.113300964572530560e+01,3.119505133118791740e-01,-1.612623731042270192e+00,-8.555070000000000174e-01,6.122999999999999970e-02,-5.141580000000000039e-01,0.000000000000000000e+00
1.083875764037124867e+01,4.769971431708240339e-01,-1.605409255107792088e+00,-8.662116068806939850e-01,2.695498776681586744e-02,4.989477735587921625e-01,8.003875834066088046e+00
1.055036360682154850e+01,6.475094230586359023e-01,-1.597997144659558666e+00,-8.446320830381852662e-01,3.701159970041033916e-03,5.353325561899685558e-01,1.600775166813217609e+01
1.026765918527755517e+01,8.233563874403850846e-01,-1.590333018290331024e+00,-8.210843390403105291e-01,-1.956128918342926737e-02,5.704698626113356985e-01,2.401162750219826592e+01
9.990474642015533036e+00,1.004413905095665971e+00,-1.582362526754047982e+00,-7.956232483546885614e-01,-4.277815188452298995e-02,6.042778139222036993e-01,3.201550333626435219e+01
9.718638970514550834e+00,1.190564713056454949e+00,-1.574031362680715196e+00,-7.683081429783936711e-01,-6.589532662214020453e-02,6.366776290732313326e-01,4.001937917033043846e+01
9.451979992905471306e+00,1.381698448310985539e+00,-1.565285270286270292e+00,-7.392026751635332182e-01,-8.885894425178171574e-02,6.675938084325869770e-01,4.802325500439652473e+01
9.190324461724413752e+00,1.577711677266971035e+00,-1.556070055076129499e+00,-7.083746690778193189e-01,-1.116154935213052590e-01,6.969543097040177271e-01,5.602713083846261100e+01
8.933498161953941974e+00,1.778507922967854649e+00,-1.546331593541118821e+00,-6.758959627459167896e-01,-1.341119457613904331e-01,7.246907157871577132e-01,6.403100667252870437e+01
8.681343446026076549e+00,1.983964190460579147e+00,-1.535981752513561727e+00,-6.418422406400938751e-01,-1.562958784502615217e-01,7.507383941892913359e-01,7.203488250659479775e+01
8.433735087757080251e+00,2.193896626861906007e+00,-1.524864314568864732e+00,-6.062928573104345853e-01,-1.781155973648673452e-01,7.750366476174911368e-01,8.003875834066089112e+01
8.190560415152182472e+00,2.408092803686587846e+00,-1.512789096188063676e+00,-5.693306524656898127e-01,-1.995202570340312287e-01,7.975288554006130237e-01,8.804263417472698450e+01
7.951701108702093457e+00,2.626344929061058320e+00,-1.499566071960055869e+00,-5.310417579357101792e-01,-2.204599792130621516e-01,8.181626054120012537e-01,9.604651000879307787e+01
7.717033270476951756e+00,2.848450007475888057e+00,-1.485005408432364282e+00,-4.915153969652542587e-01,-2.408859691039408613e-01,8.368898161858824292e-01,1.040503858428591712e+02
7.498564801909297195e+00,3.062066590847832170e+00,-1.469780896124264880e+00,-4.508436763067814046e-01,-2.607506290504622015e-01,8.536668489432674978e-01,1.116275555781125490e+02
7.271558007871738560e+00,3.291069085972494257e+00,-1.451993477528969123e+00,-4.091213715965518194e-01,-2.800076694436026137e-01,8.684546092666646233e-01,1.196314314121786424e+02
7.048345069485510983e+00,3.523358083028253152e+00,-1.432310490372649348e+00,-3.664457065139588576e-01,-2.986122165788872573e-01,8.812186381870029672e-01,1.276353072462447358e+02
6.828780791901695402e+00,3.758751059789616544e+00,-1.410543195723134913e+00,-3.229161262384515063e-01,-3.165209172146301042e-01,8.919291924707952735e-01,1.356391830803108292e+02
6.612714769421593530e+00,3.997071057020468832e+00,-1.386503213598906381e+00,-2.786340657316445646e-01,-3.336920395876027401e-01,9.005613139206928297e-01,1.436430589143769225e+02
6.399991464903756366e+00,4.238146828501253793e+00,-1.360002556604027912e+00,-2.337027133842383697e-01,-3.500855706509307663e-01,9.070948875281409363e-01,1.516469347484430159e+02
6.190483733048981030e+00,4.481797365726006177e+00,-1.330846249283073934e+00,-2.092086977187530283e-01,-3.117090669929515334e-01,9.268587693667676985e-01,1.596508105825091093e+02
5.984125564723515645e+00,4.727814745971555155e+00,-1.298824948736792662e+00,-1.841993328480873715e-01,-2.725647223594943602e-01,9.443394929273488669e-01,1.676546864165752027e+02
5.816440875294802915e+00,4.931728244218220425e+00,-1.269959244194911241e+00,-1.587362238142901727e-01,-2.327489601908574457e-01,9.594939983022690022e-01,1.742401787284384795e+02
5.615152917527593601e+00,5.181184738515264065e+00,-1.231618143917888819e+00,-1.328820933051509390e-01,-1.923598577392605646e-01,9.722849553541866863e-01,1.822440545625045729e+02
5.416878744621692832e+00,5.432397002578942313e+00,-1.189803074444949482e+00,-1.067006271890309915e-01,-1.514969045370016532e-01,9.826808556554595953e-01,1.902479303965706663e+02
5.221558611152266494e+00,5.685147960032423953e+00,-1.144299440527517087e+00,-8.025631767823929175e-02,-1.102607573873423535e-01,9.906560900996248531e-01,1.982518062306367597e+02
5.029125597509684020e+00,5.939222480379481084e+00,-1.094893292755782399e+00,-5.361430450608482834e-02,-6.875299247979310691e-02,9.961910119929506813e-01,2.062556820647028530e+02
4.839536287395693748e+00,6.194389989286180231e+00,-1.041391518040245545e+00,-2.684021450786453974e-02,-2.707585523890707405e-02,9.992719854704765758e-01,2.142595578987689464e+02
4.685456016306533300e+00,6.404758458011081679e+00,-9.938907969796191288e-01,-0.000000000000000000e+00,1.466799147868569526e-02,9.998914191168527532e-01,2.208445829030425500e+02
4.500511814819248002e+00,6.660733881534268264e+00,-9.318016512463616063e-01,-4.434802291231582094e-01,8.408626271635892546e-02,8.923299764102853304e-01,2.288484587371086434e+02
4.318461442700011865e+00,6.917029815982643548e+00,-8.652263316678172611e-01,-7.924706915056510814e-01,1.355887761215029963e-01,5.946460181454498173e-01,2.368523345711747368e+02
4.139318308652435441e+00,7.173359719508820120e+00,-7.940351344554479329e-01,-8.134614810261601159e-01,1.353329681945899809e-01,5.656530797300811653e-01,2.448562104052408301e+02
3.963085983169448934e+00,7.429435835153287648e+00,-7.180991689449590654e-01,-8.334100060886906469e-01,1.349037619428264945e-01,5.359353848801539089e-01,2.528600862393069235e+02
3.789758174513269129e+00,7.684969474568995373e+00,-6.372903810536387770e-01,-8.522907071759870945e-01,1.343017072732121397e-01,5.055310098170323618e-01,2.608639620733729885e+02
3.619318707882591468e+00,7.939671302253628049e+00,-5.514815766265172003e-01,-8.700793929146621863e-01,1.335275755556675215e-01,4.744789105883439051e-01,2.688678379074390818e+02
3.451737936330903533e+00,8.193236623360354187e+00,-4.606020930664532775e-01,-8.867532710711910626e-01,1.325823586350096950e-01,4.428188731579656978e-01,2.768717137415051752e+02
3.286968400625088105e+00,8.445330857319161666e+00,-3.646934609615794520e-01,-9.022909777555905286e-01,1.314672675604742769e-01,4.105914624326181261e-01,2.848755895755712686e+02
3.124947261410132349e+00,8.695605123654715385e+00,-2.638537490266135155e-01,-9.166726047953502876e-01,1.301837310344070853e-01,3.778379702903357229e-01,2.928794654096373620e+02
2.965599492869011922e+00,8.943711673295082321e+00,-1.581818990405739755e-01,-9.298797252445339945e-01,1.287333935821083075e-01,3.446003626773667672e-01,3.008833412437034553e+02
2.829565544644013109e+00,9.156176394334956115e+00,-6.259514740814092759e-02,-9.418954169953474009e-01,1.271181134451693784e-01,3.109212258412472618e-01,3.078128525742819761e+02
2.674566239091350717e+00,9.398566477871332481e+00,5.245295810213160270e-02,-9.527042844619091344e-01,1.253399602009977187e-01,2.768437117689090954e-01,3.158167284083480695e+02
2.521943675244950445e+00,9.637809296321767860e+00,1.720448924100003163e-01,-9.622924783084124689e-01,1.234012121115730110e-01,2.424114828996962734e-01,3.238206042424141629e+02
2.371575827546595239e+00,9.873565026023548796e+00,2.960784417279393455e-01,-9.706477131963774374e-01,1.213043532048278667e-01,2.076686561840993817e-01,3.318244800764802562e+02
2.340716376520548536e+00,9.920990524741803540e+00,3.224519239579721197e-01,-9.777592835282298278e-01,1.190520700923864972e-01,1.726597465598554149e-01,3.334685849853738659e+02
2.190489611382219426e+00,1.014680508052683372e+01,4.550687267468728758e-01,-9.836180771669985612e-01,1.166472485277338794e-01,1.374296099178173025e-01,3.414724608194399593e+02
2.042063085292298297e+00,1.036839198678868712e+01,5.916484386832778775e-01,-9.882165871145219826e-01,1.140929697092196576e-01,1.020233856306444614e-01,3.494763366535060527e+02
1.895239236018650519e+00,1.058538550719833893e+01,7.318785710599762240e-01,-9.915489211331662833e-01,1.113925063326288017e-01,6.648643871793853688e-02,3.574802124875721461e+02
1.749806989427090453e+00,1.079742523475160887e+01,8.754459820754753041e-01,-9.936108092986891682e-01,1.085493183983719939e-01,3.086430172191238427e-02,3.654840883216382394e+02
1.605574427408269722e+00,1.100417368175975064e+01,1.022043476622452207e+00,-9.943996094745330971e-01,1.055670487786624923e-01,-4.797383631939912407e-03,3.734879641557043328e+02
1.462402339359852199e+00,1.120533222793680572e+01,1.171376407079055326e+00,-9.939143107004975164e-01,1.024495185503554590e-01,-4.045292491443137212e-02,3.814918399897704262e+02
1.320172958038615452e+00,1.140062181019839294e+01,1.323156181356226924e+00,-9.921555344914078090e-01,9.920072209942498720e-02,-7.605663753759445145e-02,3.894957158238365196e+02
1.178757777444180865e+00,1.158976521126524162e+01,1.477093765611940279e+00,-9.891255340440792132e-01,9.582482200334779820e-02,-1.115629032899065204e-01,3.974995916579026130e+02
1.038053055736677832e+00,1.177250920041931437e+01,1.632878550650152416e+00,-9.848281913535531507e-01,9.232614369794749087e-02,-1.469262287868179084e-01,4.055034674919687063e+02
8.980164342262744182e-01,1.194864488637435684e+01,1.790157224263927871e+00,-9.792690122422648136e-01,8.870916993552953322e-02,-1.821013037616750485e-01,4.135073433260347997e+02
7.586330554744062926e-01,1.211798346532961013e+01,1.948555014382112871e+00,-9.724551193084745027e-01,8.497853504140526204e-02,-2.170430591223447836e-01,4.215112191601008931e+02
6.198805467242916034e-01,1.228033371842905375e+01,2.107696936016394407e+00,-9.643952428029662904e-01,8.113901897616240810e-02,-2.517067246991228635e-01,4.295150949941669865e+02
4.817289576363960046e-01,1.243550223154730894e+01,2.267207856623179030e+00,-9.550997094456699088e-01,7.719554121128811841e-02,-2.860478866099188666e-01,4.375189708282330798e+02
4.030497285249389772e-01,1.251931645680483207e+01,2.358042171879664917e+00,-9.445804291965078647e-01,7.315315442599130968e-02,-3.200225441691894601e-01,4.420746015192186178e+02
2.646724804576490175e-01,1.265851640654320498e+01,2.517415576228688501e+00,-9.328508799973931342e-01,6.901703803330005993e-02,-3.535871662676700611e-01,4.500784773532847112e+02
1.267027408417043255e-01,1.279005049370293357e+01,2.676193971750653766e+00,-9.199260905049028159e-01,6.479249154372916653e-02,-3.866987471506421192e-01,4.580823531873508045e+02
-1.087194752086400977e-02,1.291370124195568536e+01,2.834053712530006486e+00,-9.058226208357353926e-01,6.048492777502190165e-02,-4.193148615232268894e-01,4.660862290214168979e+02
-1.479830330280921813e-01,1.302920860697538075e+01,2.990774261958354607e+00,-8.905585413496064362e-01,5.609986591666795558e-02,-4.513937189120697524e-01,4.740901048554829913e+02
-2.845274143830214819e-01,1.313628643336640600e+01,3.146186747063155043e+00,-8.741534094967564616e-01,5.164292445808542353e-02,-4.828942172137238309e-01,4.820939806895490847e+02
-4.204129633223385176e-01,1.323464120322337578e+01,3.300122503652138661e+00,-8.566282447597296512e-01,4.711981398953048183e-02,-5.137759953610832042e-01,4.900978565236151780e+02
-5.555586616559294866e-01,1.332397235119269752e+01,3.452413105037623886e+00,-8.380055017215251034e-01,4.253632988496207357e-02,-5.439994850403490068e-01,4.981017323576812714e+02
-6.899087628813709294e-01,1.340396882465042694e+01,3.602876545522001539e+00,-8.183090412946332215e-01,3.789834487624014342e-02,-5.735259613922242261e-01,5.061056081917473648e+02
-8.234471410784138801e-01,1.347430635345026140e+01,3.751303426308915778e+00,-7.975641001478207537e-01,3.321180152817554410e-02,-6.023175926323366403e-01,5.141094840258134582e+02
-9.561836628353332923e-01,1.353465259806083232e+01,3.897470836730429600e+00,-7.757972583698525826e-01,2.848270462407813050e-02,-6.303374885272768902e-01,5.221133598598795515e+02
-1.088140350804883472e+00,1.358467160130586393e+01,4.041156237890426439e+00,-7.530364054115915584e-01,2.371711347156312683e-02,-6.575497476641004591e-01,5.301172356939456449e+02
-1.219351472710666906e+00,1.362402413293614956e+01,4.182137501041849781e+00,-7.293107043501334541e-01,1.892113413847933828e-02,-6.839195034526992512e-01,5.381211115280117383e+02
-1.287347978939886728e+00,1.363849598749308001e+01,4.254080973114926501e+00,-7.046505545207837340e-01,1.410091162891182436e-02,-7.094129688020627267e-01,5.422886040904016909e+02
-1.417403021153730069e+00,1.365446959372656011e+01,4.389274967878244560e+00,-6.790875525647818156e-01,9.262622009289483982e-03,-7.339974794131612912e-01,5.502924799244677843e+02
-1.546976297634296893e+00,1.365890840762938296e+01,4.521207123617406509e+00,-6.526544519427072144e-01,4.412464494690905049e-03,-7.576415356329501138e-01,5.582963557585338776e+02
-1.676135116244334533e+00,1.365155130009282836e+01,4.649654818915666787e+00,-6.253851209654722743e-01,-4.433464945064652428e-04,-7.803148428158475092e-01,5.663002315925999710e+02
-1.804941404367808255e+00,1.363237874459697707e+01,4.774400991978894560e+00,-5.973144993967091088e-01,-5.298589295450816840e-03,-8.019883501409489357e-01,5.743041074266660644e+02
-1.933460103821927012e+00,1.360160276100427090e+01,4.895246211413475379e+00,-5.684785536821898022e-01,-1.014704297490639888e-02,-8.226342878352271848e-01,5.823079832607321578e+02
-2.061754487010894810e+00,1.355950775764935834e+01,5.012001382047543530e+00,-5.389142308636761802e-01,-1.498249530039109934e-02,-8.422262027550124763e-01,5.903118590947982511e+02
-2.189876630498305499e+00,1.350637565055381017e+01,5.124478096650197045e+00,-5.086594112362936571e-01,-1.979875070014174010e-02,-8.607389922801493842e-01,5.983157349288643445e+02
-2.317867496007740780e+00,1.344248554409444552e+01,5.232488668487122574e+00,-4.777528598101170032e-01,-2.458963820170532652e-02,-8.781489364774063278e-01,6.063196107629304379e+02
-2.445757014962564924e+00,1.336811341342833437e+01,5.335846163764689898e+00,-4.462341766382057484e-01,-2.934901933897921325e-02,-8.944337284919170461e-01,6.143234865969965313e+02
-2.488819245605404795e+00,1.333917285289648547e+01,5.369286184224232983e+00,-4.141437460747665056e-01,-3.407079601756617115e-02,-9.095725031277254180e-01,6.170350872386934498e+02
-2.615206480559739699e+00,1.324286238448723196e+01,5.463216731494568990e+00,-3.815226850284961779e-01,-3.874891832836256655e-02,-9.235458635808169170e-01,6.250389630727595431e+02
-2.741676647073611139e+00,1.313667653797683954e+01,5.552060427755212579e+00,-3.484127902774458718e-01,-4.337739229936595636e-02,-9.363359062903994223e-01,6.330428389068256365e+02
-2.868223616618252425e+00,1.302088152399994492e+01,5.635633344964497304e+00,-3.148564849129436571e-01,-4.795028757576684508e-02,-9.479262438766032917e-01,6.410467147408917299e+02
-2.994894820582350015e+00,1.289582484531333861e+01,5.713766485258200412e+00,-2.808967639812315342e-01,-5.246174501848278188e-02,-9.583020261352349634e-01,6.490505905749578233e+02
-3.121885856735799436e+00,1.276202661004388972e+01,5.786333679511124650e+00,-2.465771393924945099e-01,-5.690598421139739238e-02,-9.674499590627035905e-01,6.570544664090239166e+02
-3.249504369636909917e+00,1.262010249025699515e+01,5.853251402979428697e+00,-2.119415841678995993e-01,-6.127731086768463398e-02,-9.753583218867719618e-01,6.650583422430900100e+02
-3.378068863058576010e+00,1.247067887064626923e+01,5.914450920357094965e+00,-1.770344760961051200e-01,-6.557012412572837956e-02,-9.820169820813398065e-01,6.730622180771561034e+02
-3.411836704959994027e+00,1.242930012725655864e+01,5.929081523540441268e+00,-1.419005408714538452e-01,-6.977892372528977927e-02,-9.874174083460515172e-01,6.751676299021933119e+02
-3.540235020169318680e+00,1.226449681278552895e+01,5.979079074769762414e+00,-1.065847947867258616e-01,-7.389831705472818535e-02,-9.915526815341335620e-01,6.831715057362594052e+02
-3.670339989080690923e+00,1.209360861032714851e+01,6.023206856549269794e+00,-7.113248705389309257e-02,-7.792302606024800737e-02,-9.944175035144939834e-01,6.911753815703254986e+02
-3.802393906249543765e+00,1.191727978090677986e+01,6.061420860422314760e+00,-3.558904182679151901e-02,-8.184789400832048756e-02,-9.960082039567682566e-01,6.991792574043915920e+02
-3.936619178080822401e+00,1.173614282874114778e+01,6.093720432380556495e+00,-0.000000000000000000e+00,-8.566789209261850557e-02,-9.963227450306537669e-01,7.071831332384576854e+02
-4.023539786061366641e+00,1.161716830334991712e+01,6.110703202106837928e+00,-0.000000000000000000e+00,-0.000000000000000000e+00,-9.999989999893286186e-01,7.123073271816559782e+02
-4.160990381001330007e+00,1.142713434252489435e+01,6.131563539464655932e+00,0.000000000000000000e+00,-7.436725014409267809e-02,-9.972299193792989458e-01,7.203112030157220715e+02
-4.301064326310592989e+00,1.123393150290137577e+01,6.146821457863710592e+00,0.000000000000000000e+00,-1.483226258548227261e-01,-9.889380155798197514e-01,7.283150788497881649e+02
-4.443857632436613692e+00,1.103818782268412946e+01,6.156655352834122574e+00,0.000000000000000000e+00,-2.214565557771371318e-01,-9.751692129588891422e-01,7.363189546838542583e+02
-4.589443734030327349e+00,1.084053292094439946e+01,6.161244534922287741e+00,0.000000000000000000e+00,-2.933640181521937063e-01,-9.559997661365634558e-01,7.443228305179203517e+02
-4.737873486343670670e+00,1.064159735630522796e+01,6.160769197761131188e+00,0.000000000000000000e+00,-3.636467834811710209e-01,-9.315358376698767984e-01,7.523267063519864450e+02
-4.889175168715476083e+00,1.044201198564624455e+01,6.155410386024875002e+00,0.000000000000000000e+00,-4.319156195802898446e-01,-9.019129101869947096e-01,7.603305821860525384e+02
-5.043354495144710903e+00,1.024240732298067336e+01,6.145349963272571436e+00,0.000000000000000000e+00,-4.977924468358578824e-01,-8.672950362318316841e-01,7.683344580201186318e+02
-5.200394631948987545e+00,1.004341289865733167e+01,6.130770579684688748e+00,4.047611393532972446e-02,-4.773563629270266007e-01,-8.777759321005242921e-01,7.763383338541847252e+02
-5.360256222505108248e+00,9.845656619040303426e+00,6.111855639697068909e+00,8.086456521116162921e-02,-4.558864189143165824e-01,-8.863557384841833642e-01,7.843422096882508185e+02
-5.522877419067400595e+00,9.649764126818871190e+00,6.088789269536548865e+00,1.210778805239432071e-01,-4.334291143455122897e-01,-8.930158731437118913e-01,7.923460855223169119e+02
-5.688173921658493448e+00,9.456358162100178433e+00,6.061756284662576100e+00,1.610289658633361765e-01,-4.100330871920366271e-01,-8.977419114432948488e-01,8.003499613563830053e+02
-5.856039024026121531e+00,9.266057924437006932e+00,6.030942157119138614e+00,2.006312951375332776e-01,-3.857490085122143308e-01,-9.005236175938765575e-01,8.083538371904490987e+02
-6.026343666658452669e+00,9.079478435942885284e+00,5.996532982801353384e+00,2.397990975689708593e-01,-3.606294727108262377e-01,-9.013549668240993240e-01,8.163577130245151920e+02
-6.198936496849391631e+00,8.897229905646591774e+00,5.958715448641048518e+00,2.784475434546293537e-01,-3.347288836330636341e-01,-9.002341584314990097e-01,8.243615888585812854e+02
-6.373643935804194527e+00,8.719917095237937232e+00,5.917676799715697378e+00,3.164929278886501329e-01,-3.081033367395156208e-01,-8.971636196856388468e-01,8.323654646926473788e+02
-6.545867154061919102e+00,8.552320369603396699e+00,5.874694019349986362e+00,3.538528520493980922e-01,-2.808104976173204093e-01,-8.921500005746659800e-01,8.401724681973482802e+02
-6.724077084204927779e+00,8.386570546148353955e+00,5.827785191974102830e+00,3.904464016583648611e-01,-2.529094770905385148e-01,-8.852041594066005770e-01,8.481763440314143736e+02
-6.903753320777282987e+00,8.227515949194986078e+00,5.778215364643856766e+00,4.261943222244233276e-01,-2.244607032001866287e-01,-8.763411392964650659e-01,8.561802198654804670e+02
-7.084634736332318994e+00,8.075733423596926031e+00,5.726173679932990979e+00,4.610191906938902462e-01,-1.955257903311441725e-01,-8.655801355901014960e-01,8.641840956995465604e+02
-7.266438415559829167e+00,7.931791237247977300e+00,5.671849673925789759e+00,4.948455831346347811e-01,-1.661674057693378059e-01,-8.529444542951435393e-01,8.721879715336126537e+02
-7.448859764199037059e+00,7.796248458295402806e+00,5.615433242959014137e+00,5.276002380910393974e-01,-1.364491339781772616e-01,-8.384614616090917405e-01,8.801918473676787471e+02
-7.631572624894717549e+00,7.669654334796850215e+00,5.557114610317864134e+00,5.592122152559932946e-01,-1.064353388881623674e-01,-8.221625246537203058e-01,8.881957232017448405e+02
-7.814247148021435052e+00,7.552495001863340107e+00,5.497105627562724806e+00,5.896130491162242526e-01,-7.619102449789554032e-02,-8.040829435440879358e-01,8.961995990358109339e+02
-7.996570319380725600e+00,7.445141104454827463e+00,5.435661072028930896e+00,6.187368972381576127e-01,-4.578169408839394272e-02,-7.842618749392019639e-01,9.042034748698770272e+02
-8.178232307218557651e+00,7.347901319143140597e+00,5.373057267369977019e+00,6.465206828730829525e-01,-1.527320835561357497e-02,-7.627422472398337483e-01,9.122073507039431206e+02
-8.358910146806795893e+00,7.261075073723841200e+00,5.309570700284624856e+00,6.729042315727110646e-01,1.526835723155629647e-02,-7.395706676170828997e-01,9.202112265380092140e+02
-8.538267848126162463e+00,7.184952164651310369e+00,5.245477971896550962e+00,6.978304015191691967e-01,4.577685553888038994e-02,-7.147973210729907656e-01,9.282151023720753074e+02
-8.577046396197358646e+00,7.170326320641665419e+00,5.231339312195238733e+00,7.212452072870861874e-01,7.618621102998443528e-02,-6.884758617517604540e-01,9.299751986704784485e+02
-8.750119949509981510e+00,7.113559543668362295e+00,5.167011392313614948e+00,7.430979367696444182e-01,1.064305628748725557e-01,-6.606632967369491238e-01,9.379790745045445419e+02
-8.920969419026716807e+00,7.068022872447527583e+00,5.102691491567949100e+00,7.633412610152786604e-01,1.364444075937729373e-01,-6.314198625862682546e-01,9.459829503386106353e+02
-9.089218040503951102e+00,7.033970411714287607e+00,5.038656237570585894e+00,7.819313367370579471e-01,1.661627409273367662e-01,-6.008088948713753430e-01,9.539868261726767287e+02
-9.254476536534763653e+00,7.011645055050315989e+00,4.975182167116754428e+00,7.988279012726492434e-01,1.955211986258714729e-01,-5.688966910052021264e-01,9.619907020067428221e+02
-9.416343246749310225e+00,7.001278115932418444e+00,4.912545677566608759e+00,8.139943597891264870e-01,2.244561958526390955e-01,-5.357523666539110163e-01,9.699945778408089154e+02
-9.574406694560794406e+00,7.003008901992420654e+00,4.851002500748053947e+00,8.273978645436798063e-01,2.529050648992411943e-01,-5.014477060444795242e-01,9.779984536748750088e+02
-9.728252182382837177e+00,7.016804446092336001e+00,4.790767180523923585e+00,8.390093860284957294e-01,2.808061909147638868e-01,-4.660570064921454869e-01,9.860023295089411022e+02
-9.877465535631190008e+00,7.042539572558018435e+00,4.732033512666138364e+00,8.488037758456624671e-01,3.080991453546643721e-01,-4.296569174844709349e-01,9.940062053430071956e+02
-1.002163282152902113e+01,7.080076976923305843e+00,4.674994988405168250e+00,8.567598211758733484e-01,3.347248168603060847e-01,-3.923262746705895032e-01,1.002010081177073289e+03
-1.008487299285128458e+01,7.102253816643366413e+00,4.649807634519349975e+00,8.628602907229169228e-01,3.606255392856286823e-01,-3.541459291152396216e-01,1.005671229717381607e+03
-1.021688269341115074e+01,7.161535410088239573e+00,4.596858595212790277e+00,8.670919720344146819e-01,3.857452165936097188e-01,-3.151985721874495106e-01,1.013675105551447700e+03
-1.034273968150340828e+01,7.232152825513601613e+00,4.546078543000204419e+00,8.694457001179557443e-01,4.100294443519609811e-01,-2.755685564632071038e-01,1.021678981385513794e+03
-1.046204545140208708e+01,7.313881269982182687e+00,4.497618076676414667e+00,8.699163772906394199e-01,4.334256275648741830e-01,-2.353417130300791693e-01,1.029682857219579773e+03
-1.057443086933540144e+01,7.406396960090043891e+00,4.451544416199217480e+00,8.685029842190382654e-01,4.558830945855665839e-01,-1.946051655895448818e-01,1.037686733053645867e+03
-1.067954645378557643e+01,7.509321971154713893e+00,4.407882856596303967e+00,8.652085821256814135e-01,4.773532068628758562e-01,-1.534471417597469411e-01,1.045690608887711960e+03
-1.077708283894143904e+01,7.622233685555743321e+00,4.366641608967288590e+00,8.600403061573040908e-01,4.977894642841808048e-01,-1.119567819874228154e-01,1.053694484721778053e+03
-1.086250111366949156e+01,7.738743776861961798e+00,4.329662201486322637e+00,8.530093499292585868e-01,5.171476058864682424e-01,-7.022394648296297059e-02,1.061315597997590430e+03
-1.094419318740555447e+01,7.870025251140049249e+00,4.293188523620744768e+00,7.294162694258644608e-01,5.001404990655842209e-01,4.667005325586329745e-01,1.069319473831656524e+03
-1.101770511306335187e+01,8.009726391964409942e+00,4.259026112990540014e+00,8.017773617300105737e-01,4.599983852868924639e-01,3.815134961577203443e-01,1.077323349665722617e+03
-1.108287244547997830e+01,8.157298807653745598e+00,4.227131508421160255e+00,8.628298692137149617e-01,4.133682948185682937e-01,2.909454753582030317e-01,1.085327225499788710e+03
-1.113954400823355328e+01,8.312190605487078443e+00,4.197460812294211863e+00,9.117127004605550811e-01,3.609079129554519927e-01,1.962738652625480584e-01,1.093331101333854804e+03
-1.118758191833677351e+01,8.473846738604358109e+00,4.169969698596905694e+00,9.477364035773756523e-01,3.033571533846364243e-01,9.883393559168866804e-02,1.101334977167920897e+03
-1.122686160747419848e+01,8.641709353378123737e+00,4.144613421030035383e+00,9.703928888887151105e-01,2.415277234479124846e-01,0.000000000000000000e+00,1.109338853001986990e+03
-1.125727183978057688e+01,8.815218137182473157e+00,4.121346821173438535e+00,9.765781004732532189e-01,2.151439716349215492e-01,-2.507018212880645150e-03,1.117342728836053084e+03
-1.127871472615804116e+01,8.993810666485549277e+00,4.100124336707813733e+00,9.820400133236056872e-01,1.886008756163160272e-01,-5.012179492987390780e-03,1.125346604670119177e+03
-1.129110573513050930e+01,9.176922755191673886e+00,4.080900009691803554e+00,9.867745824148774769e-01,1.619180931255576050e-01,-7.513628526882754066e-03,1.133350480504185271e+03
-1.129437370023415355e+01,9.363988803159287500e+00,4.063627494893228942e+00,9.907783012850726045e-01,1.351153853275565697e-01,-1.000951274983517131e-02,1.141354356338251364e+03
-1.129353486077696544e+01,9.392168276530190596e+00,4.061379384976993023e+00,9.940482046280041395e-01,1.082126021948053574e-01,-1.249798371672932243e-02,1.142537868273054755e+03
-1.127887428415330895e+01,9.585877304845915603e+00,4.048217574259869167e+00,9.965818704887431378e-01,8.122966781841675643e-02,-1.497719846993899803e-02,1.150541744107120849e+03
-1.125492937172393049e+01,9.782182582875535104e+00,4.036906578386725286e+00,9.983774220577178449e-01,5.418656566429250199e-02,-1.744532090315751086e-02,1.158545619941186942e+03
-1.122167169852851742e+01,9.980515330570536747e+00,4.027398716745977936e+00,9.994335290621310097e-01,2.710332378525409994e-02,-1.990052312018331798e-02,1.166549495775253035e+03
-1.117908620299075650e+01,1.018030681220241718e+01,4.019645956577223345e+00,9.997494087536581420e-01,0.000000000000000000e+00,-2.234098678766239035e-02,1.174553371609319129e+03
-1.112719110637903697e+01,1.038099282664065015e+01,4.013579735395742532e+00,9.952341733225325004e-01,-3.503600811446219015e-02,-9.099130939363726800e-02,1.182557247443385222e+03
-1.106605762338138277e+01,1.058201919750944064e+01,4.009090787050000770e+00,9.847865637495463176e-01,-6.986315924549631184e-02,-1.590992232468350920e-01,1.190561123277451316e+03
-1.099578968873055729e+01,1.078283947217072836e+01,4.006049347362072410e+00,9.684688623284319897e-01,-1.042738587992152743e-01,-2.262587568932354909e-01,1.198564999111517409e+03
-1.091650386627205549e+01,1.098291161120220849e+01,4.004325363396821658e+00,9.463783398846551398e-01,-1.380629951229671581e-01,-2.920695930331941303e-01,1.206568874945583502e+03
-1.082832928252961047e+01,1.118169831626194188e+01,4.003788516588081769e+00,9.186466757479330170e-01,-1.710291619179951927e-01,-3.561394543024034021e-01,1.214572750779649596e+03
-1.082396196037497305e+01,1.119065047724294182e+01,4.003821115468630509e+00,8.854391727377388666e-01,-2.029758585474674970e-01,-4.180864410961372402e-01,1.214934784745257957e+03
-1.071910698251533312e+01,1.138737250554193281e+01,4.005731042805897424e+00,8.469537718485614652e-01,-2.337126610977476038e-01,-4.775413075264987040e-01,1.222938660579324051e+03
-1.060566831765346230e+01,1.158158421076003464e+01,4.008560723401403791e+00,8.344517177167589672e-01,-9.450222313247148842e-02,-5.429158872442841899e-01,1.230942536413390144e+03
-1.048381357545226322e+01,1.177276478272402827e+01,4.012179053093650083e+00,8.020815945337648190e-01,4.695828186862648773e-02,-5.953637841468204517e-01,1.238946412247456237e+03
-1.035372262627377360e+01,1.196039947524566394e+01,4.016454756005829907e+00,7.506141027911744645e-01,1.873007761194350751e-01,-6.336362426147778004e-01,1.246950288081522331e+03
-1.021558751843847546e+01,1.214397992571991303e+01,4.021256407836716562e+00,8.510262483875190576e-01,1.712873348481833979e-01,-4.964000135751562848e-01,1.254954163915588424e+03
-1.006961634193566546e+01,1.232304016358195398e+01,4.026442816092369981e+00,9.266115106245069732e-01,1.502769522925373191e-01,-3.446823842165993024e-01,1.262958039749654517e+03
-9.916035295652763537e+00,1.249719280129397880e+01,4.031853402048890089e+00,9.751648587224444054e-01,1.248825613939432561e-01,-1.829093878780891358e-01,1.270961915583720611e+03
-9.755081952334746731e+00,1.266609387358833061e+01,4.037317872316547707e+00,9.952698556975523303e-01,9.584498813397759887e-02,-1.580039843627423224e-02,1.278965791417786704e+03
-9.587000311049136414e+00,1.282940741689675157e+01,4.042665892127833338e+00,9.863399787795251727e-01,6.401133995299534973e-02,1.517695444412882344e-01,1.286969667251852798e+03
-9.564985408203211747e+00,1.284941567225219217e+01,4.043327745539481377e+00,9.486357304724510886e-01,3.031029381024339525e-02,3.149119511249176551e-01,1.287977668574702420e+03
-9.383610607235489454e+00,1.300363147472379133e+01,4.048394588964972840e+00,8.832570409528182065e-01,-4.274995358177676071e-03,4.688674909001288027e-01,1.295981544408768514e+03
-9.195692034973768969e+00,1.315146830493212171e+01,4.052982855937669271e+00,8.837073355485124404e-01,-7.407153987069181600e-02,4.621393210711408628e-01,1.303985420242834607e+03
-9.001493593964797313e+00,1.329261706783701413e+01,4.056922272420055542e+00,8.798124070775221739e-01,-1.435038726815804910e-01,4.531387942771934463e-01,1.311989296076900700e+03
-8.801285172000977042e+00,1.342677731374859817e+01,4.060042647661720849e+00,8.715914067771957097e-01,-2.122305929994968698e-01,4.419101662423552401e-01,1.319993171910966794e+03
-8.595342532564451687e+00,1.355365738601964409e+01,4.062173904400414592e+00,8.590847571828466034e-01,-2.799137694582386482e-01,4.285086482731089719e-01,1.327997047745032887e+03
-8.383947203907137435e+00,1.367297456633581021e+01,4.063146109049409205e+00,8.423539533897228537e-01,-3.462206016994300306e-01,4.130001357973390186e-01,1.336000923579098981e+03
-8.167386366784173291e+00,1.378445521757510583e+01,4.062789501867147379e+00,8.214812607074882811e-01,-4.108250567321185542e-01,3.954608843722277611e-01,1.344004799413165074e+03
-7.945952740858560404e+00,1.388783492420815513e+01,4.060934527105157343e+00,7.965693101926664133e-01,-4.734094720247478683e-01,3.759771347533591990e-01,1.352008675247231167e+03
-7.719921764073482073e+00,1.398290008728450928e+01,4.057427782003298233e+00,7.677405940463075673e-01,-5.336661174482019154e-01,3.546446888676541565e-01,1.360012551081297261e+03
-7.489526683911851279e+00,1.406952835922105116e+01,4.052147962927465485e+00,7.351368633563070132e-01,-5.912987083905507646e-01,3.315684387741041350e-01,1.368016426915363354e+03
-7.254978036217950788e+00,1.414764551269348480e+01,4.044989968072172815e+00,6.989184311438584318e-01,-6.460238626037877463e-01,3.068618509274115280e-01,1.376020302749429447e+03
-7.016485233422358192e+00,1.421718338004755111e+01,4.035848997299086527e+00,6.592633841391061233e-01,-6.975724936190753622e-01,2.806464082794409842e-01,1.384024178583495541e+03
-6.774256496724402332e+00,1.427807980578380764e+01,4.024620570809852360e+00,6.163667071598899483e-01,-7.456911338784715237e-01,2.530510129607699277e-01,1.392028054417561634e+03
-6.528498788988120083e+00,1.433027859758642464e+01,4.011200547777677095e+00,5.704393243973261418e-01,-7.901431810762790109e-01,2.242113524785612211e-01,1.400031930251627728e+03
-6.279417748361984408e+00,1.437372947591188144e+01,3.995485144935158051e+00,5.217070623207518132e-01,-8.307100615803647559e-01,1.942692325465176229e-01,1.408035806085693821e+03
-6.204778231094687513e+00,1.438446485623307503e+01,3.990174160657011360e+00,4.704095393002163394e-01,-8.671923052112067154e-01,1.633718798269194195e-01,1.410401198203851209e+03
-5.948883950918904873e+00,1.441361879737653240e+01,3.969880544367990538e+00,4.167989874053660837e-01,-8.994105260920361999e-01,1.316712180128895571e-01,1.418405074037917302e+03
-5.690187291506880740e+00,1.443387901095850978e+01,3.947054911066790073e+00,3.611390121734202596e-01,-9.272063047451419848e-01,9.932312081032308726e-02,1.426408949871983395e+03
-5.428889309637363603e+00,1.444521535390819800e+01,3.921594915646025470e+00,3.037032964443314720e-01,-9.504429670949033904e-01,6.648664549271858515e-02,1.434412825706049489e+03
-5.165189455864905632e+00,1.444760336796169931e+01,3.893398649821023128e+00,2.447742546366481475e-01,-9.690062565450701104e-01,3.332325079787886585e-02,1.442416701540115582e+03
-4.899285512117475427e+00,1.444102422180550960e+01,3.862364660433336816e+00,1.846416440816641136e-01,-9.828048958236688115e-01,-3.996987363940250639e-06,1.450420577374181676e+03
-4.631373530080202805e+00,1.442546465188393334e+01,3.828391967695011555e+00,1.236011402449477131e-01,-9.917710358311522256e-01,-3.333122584999630156e-02,1.458424453208247769e+03
-4.361647770374631250e+00,1.440091690188772944e+01,3.791380083371139964e+00,6.195288284222931485e-02,-9.958605892832894657e-01,-6.649456383781571223e-02,1.466428329042313862e+03
-4.090300642542758602e+00,1.436737866094153482e+01,3.751229028898288131e+00,0.000000000000000000e+00,-9.950534475071187712e-01,-9.933094484754556586e-02,1.474432204876379956e+03
-3.817511894419638896e+00,1.432484465892073189e+01,3.707910807647657236e+00,-5.200784843003807001e-02,-9.933630915112264814e-01,-1.025814414260769192e-01,1.482436080710446049e+03
-3.543438220102010039e+00,1.427329772336754665e+01,3.661540864426386488e+00,-1.038743263809378675e-01,-9.889725315371593606e-01,-1.055530965155226653e-01,1.490439956544512143e+03
-3.268224590059180645e+00,1.421271626392268139e+01,3.612306611100892795e+00,-1.554584477251501617e-01,-9.818937023243156093e-01,-1.082378324195374525e-01,1.498443832378578236e+03
-2.992015174635211938e+00,1.414308231000694782e+01,3.560395939460400339e+00,-2.066199938759554211e-01,-9.721458460563731085e-01,-1.106283513671265234e-01,1.506447708212644329e+03
-2.714953310356102545e+00,1.406438147899983804e+01,3.505997188229038386e+00,-2.572198949475819618e-01,-9.597554600510722622e-01,-1.127181553500170574e-01,1.514451584046710423e+03
-2.437181466698957077e+00,1.397660294370940370e+01,3.449299110019609760e+00,-3.071206077919103050e-01,-9.447562247269736257e-01,-1.145015637858360774e-01,1.522455459880776516e+03
-2.158841213327868491e+00,1.387973939914365396e+01,3.390490838233547244e+00,-3.561864898838953408e-01,-9.271889120431694442e-01,-1.159737289590818815e-01,1.530459335714842609e+03
-1.946083256871110168e+00,1.379943782506906480e+01,3.344210887040192759e+00,-4.042841680391525139e-01,-9.071012746610449540e-01,-1.171306491979217240e-01,1.536561334239258713e+03
-1.666409556623888344e+00,1.368563306988179207e+01,3.281776942774614625e+00,-4.512829009612382980e-01,-8.845479161296263548e-01,-1.179691797510098589e-01,1.544565210073324806e+03
-1.386570839015993872e+00,1.356272861652069572e+01,3.217757014114653202e+00,-4.970549346329666274e-01,-8.595901424476586339e-01,-1.184870413347764162e-01,1.552569085907390900e+03
-1.106705061185501604e+00,1.343073042839089482e+01,3.152341402494428735e+00,-5.414758495856039078e-01,-8.322957954062063513e-01,-1.186828263279761514e-01,1.560572961741456993e+03
-8.269481114056278503e-01,1.328964495901675491e+01,3.085740244025332313e+00,-5.844248991019067585e-01,-8.027390681651052073e-01,-1.185560025966851255e-01,1.568576837575523086e+03
-5.473774177885278869e-01,1.313959844747049921e+01,3.018184766980562816e+00,-6.257853374336648233e-01,-7.710003035648960168e-01,-1.181069149393788181e-01,1.576580713409589180e+03
-2.679513729517550291e-01,1.298090566959525738e+01,2.949905705556372659e+00,-6.654447371416022383e-01,-7.371657757227980667e-01,-1.173367841481979396e-01,1.584584589243655273e+03
1.144074960902355560e-02,1.281389263595053229e+01,2.881148349384723861e+00,-7.032952946951093187e-01,-7.013274555067088301e-01,-1.162477036889892346e-01,1.592588465077721366e+03
2.909221327016561220e-01,1.263882597009723519e+01,2.812174434062236106e+00,-7.392341235012371836e-01,-6.635827605250268491e-01,-1.148426340091845965e-01,1.600592340911787460e+03
5.706268306078263741e-01,1.245596598866133142e+01,2.743245710931713877e+00,-7.731635335666032782e-01,-6.240342903121562923e-01,-1.131253944890284469e-01,1.608596216745853553e+03
8.506996643959122695e-01,1.226556638672667532e+01,2.674623901126101710e+00,-8.049912970322321559e-01,-5.827895474297648537e-01,-1.111006530580710833e-01,1.616600092579919647e+03
8.644026073481019257e-01,1.225608562628175413e+01,2.671321716121881629e+00,-8.346308988597884726e-01,-5.399606452421186198e-01,-1.087739135051889461e-01,1.616988761600147200e+03
1.148776756376443497e+00,1.205610302326949324e+01,2.604075609920183165e+00,-8.620017719880562757e-01,-4.956640031599928164e-01,-1.061515005166612374e-01,1.624992637434213293e+03
1.433812627120419236e+00,1.184900821343559407e+01,2.537672210346797019e+00,-8.870295163207516653e-01,-4.500200301816807413e-01,-1.032405424830048629e-01,1.632996513268279386e+03
1.719686851261480687e+00,1.163503347551032618e+01,2.472372794299217968e+00,-9.096461009507201823e-01,-4.031527975913850037e-01,-1.000489521213304145e-01,1.641000389102345480e+03
2.006551699136438494e+00,1.141435953675579107e+01,2.408417879066897971e+00,-9.297900490711497046e-01,-3.551897017046952709e-01,-9.658540496591584701e-02,1.649004264936411573e+03
2.294453746796147886e+00,1.118704745288703961e+01,2.345960027427675509e+00,-9.474066050714872178e-01,-3.062611175778667816e-01,-9.285931578548405063e-02,1.657008140770477667e+03
2.583319506194028836e+00,1.095306105850563583e+01,2.285037755320583397e+00,-9.624478833641667563e-01,-2.565000446221208374e-01,-8.888081299130086432e-02,1.665012016604543760e+03
2.820859002666408433e+00,1.075633196206488940e+01,2.236412495788728361e+00,-9.748729985379006591e-01,-2.060417450861465605e-01,-8.466071110566504576e-02,1.671566654257867413e+03
3.112005341297546135e+00,1.050980558934862152e+01,2.178573876399951370e+00,-9.846481764840222528e-01,-1.550233763893270333e-01,-8.021048136562926312e-02,1.679570530091933506e+03
3.403778222269653764e+00,1.025643011773901847e+01,2.122246421618588119e+00,-9.917468461940548430e-01,-1.035836183048839815e-01,-7.554222054185273649e-02,1.687574405925999599e+03
3.696058858595555385e+00,9.996155845778938343e+00,2.067420908789473266e+00,-9.961497119791945520e-01,-5.186229600610104545e-02,-7.066861805733305746e-02,1.695578281760065693e+03
3.988728154803511838e+00,9.728936571726531923e+00,2.014087831715743349e+00,-9.978448059155614613e-01,-0.000000000000000000e+00,-6.560292149537962081e-02,1.703582157594131786e+03
4.281666747046155130e+00,9.454729590264376426e+00,1.962237402779950068e+00,-9.846824625979253565e-01,-1.012916162978540480e-01,-1.419100289664688708e-01,1.711586033428197879e+03
4.574696091655622077e+00,9.173476539212916947e+00,1.911846774708583663e+00,-9.555130767974366890e-01,-2.009366290322008863e-01,-2.159102387190372785e-01,1.719589909262263973e+03
4.867518582906821045e+00,8.885087216172964375e+00,1.862867264644772147e+00,-9.108108290728882395e-01,-2.973152035481566036e-01,-2.864005994828853208e-01,1.727593785096330066e+03
4.868932135585140486e+00,8.883681240130393064e+00,1.862639068051579638e+00,-8.513024032796823182e-01,-3.888606051732382274e-01,-3.522352167459505412e-01,1.727632210915535779e+03
5.164791707094970263e+00,8.586275039528135977e+00,1.816522702224482311e+00,-7.779551732301480671e-01,-4.740846682235694276e-01,-4.123438805188885392e-01,1.735636086749601873e+03
5.459689055672874325e+00,8.281480180258602886e+00,1.771693309625992141e+00,-6.919614766686007501e-01,-5.516019876827403801e-01,-4.657494626864188692e-01,1.743639962583667966e+03
5.753259225215713535e+00,7.969223980221603831e+00,1.728088528834774040e+00,-5.947192322557978139e-01,-6.201524402926842372e-01,-5.115838011369994165e-01,1.751643838417734059e+03
6.045134740544336971e+00,7.649446390568435561e+00,1.685645766917111210e+00,-4.878092147009965851e-01,-6.786216689684899661e-01,-5.491018124728227479e-01,1.759647714251800153e+03
6.334945775252949218e+00,7.322100058582556414e+00,1.644302210889696303e+00,-3.729693574936495670e-01,-7.260591975704994150e-01,-5.776936039076527862e-01,1.767651590085866246e+03
6.622320320161385609e+00,6.987150386880294661e+00,1.603994839212345758e+00,-2.520665009896000952e-01,-7.616938815970134558e-01,-5.968943874910483949e-01,1.775655465919932340e+03
6.906884352343249489e+00,6.644575588919074072e+00,1.564660433309089216e+00,-1.270660451156945814e-01,-7.849464436718222027e-01,-6.063920355243842542e-01,1.783659341753998433e+03
7.188244198848963151e+00,6.294366032220265694e+00,1.526242271719558730e+00,-0.000000000000000000e+00,-7.954388900879857394e-01,-6.060321543758073748e-01,1.791663217588064526e+03
7.465968862876523282e+00,5.936524473179200179e+00,1.488696823088576426e+00,-9.978448059155606842e-01,-0.000000000000000000e+00,-6.560292149537956530e-02,1.799667093422130620e+03
7.739607959106265866e+00,5.571068154166405328e+00,1.451987071598526580e+00,-9.546707119041405454e-01,-0.000000000000000000e+00,-2.976605983794417543e-01,1.807670969256196713e+03
8.008709705175197868e+00,5.198030002667070271e+00,1.416075841237444788e+00,-9.590592283269329110e-01,7.428044264324580419e-04,-2.832010677938570087e-01,1.815674845090262806e+03
8.041284540861008523e+00,5.151760969797734013e+00,1.411785329356199936e+00,-9.632282261049228689e-01,1.485438790452160490e-03,-2.686767163404087944e-01,1.816653591133128202e+03
8.304691743851746466e+00,4.768069337481716019e+00,1.377502134122233102e+00,-9.671767510751926311e-01,2.227733118292325992e-03,-2.540908683560509917e-01,1.824657466967194296e+03
8.562557580364794418e+00,4.376919468632303634e+00,1.343937989413051870e+00,-9.709038995295882213e-01,2.969517514075929471e-03,-2.394468622495376509e-01,1.832661342801260389e+03
8.814427265655718102e+00,3.978394275393610791e+00,1.311055194555038161e+00,-9.744088184222643445e-01,3.710622198681296034e-03,-2.247480497379773789e-01,1.840665218635326482e+03
9.059845487989573343e+00,3.572592485010700258e+00,1.278815917239908284e+00,-9.776907055647838796e-01,4.450877548580881894e-03,-2.099977950800785698e-01,1.848669094469392576e+03
9.298356619745995033e+00,3.159628659535388628e+00,1.247182200504524552e+00,-9.807488098095955564e-01,5.190114134644424095e-03,-1.951994743065307292e-01,1.856672970303458669e+03
9.529504928821863174e+00,2.739633210906232019e+00,1.216115969727773694e+00,-9.835824312218501841e-01,5.928162760897620794e-03,-1.803564744476967852e-01,1.864676846137524763e+03
9.752854289169066604e+00,2.312778209227034143e+00,1.185599442546365623e+00,-9.861909212395129076e-01,6.664854503227508713e-03,-1.654721927587924912e-01,1.872680721971590856e+03
9.968009190886112592e+00,1.879302196100285816e+00,1.155655535161501435e+00,-9.885736828217390748e-01,7.400020748025705822e-03,-1.505500359427298096e-01,1.880684597805656949e+03
1.017459738465622188e+01,1.439482858714561164e+00,1.126327455606049188e+00,-9.907301705854766327e-01,8.133493230760785800e-03,-1.355934193708004665e-01,1.888688473639723043e+03
1.037225120688823665e+01,9.936106370644915975e-01,1.097658293402628882e+00,-9.926598909302664087e-01,8.865104074470914197e-03,-1.206057663013775927e-01,1.896692349473789136e+03
1.042215427897248148e+01,8.756564512968774139e-01,1.090340235554270842e+00,-9.943624021512089683e-01,9.594685828168060537e-03,-1.055905070968131965e-01,1.898788793137455286e+03
1.060530978325744655e+01,4.210660151652795280e-01,1.063157778707038981e+00,-9.958373145400757354e-01,1.032207150514498004e-02,-9.055107843870956186e-02,1.906792668971521380e+03
1.077868821676521272e+01,-3.882263668125161132e-02,1.036731168975574713e+00,-9.970842904745376156e-01,1.104709462117627397e-02,-7.549092254174394334e-02,1.914796544805587473e+03
1.084535814209062288e+01,-2.262293788435351116e-01,1.026388924571929540e+00,-9.981030444954939185e-01,1.176958923260482646e-02,-6.041348636622440038e-02,1.918029671460766167e+03
1.100185005570499364e+01,-6.939199206935825481e-01,1.001656459880011507e+00,-9.988933433724804800e-01,1.248938997430493192e-02,-4.532222082955741915e-02,1.926033547294832260e+03
1.114778946778791457e+01,-1.165846344946384727e+00,9.778366450549541566e-01,-9.994550061571454425e-01,1.320633209751346203e-02,-3.022058001680564404e-02,1.934037423128898354e+03
1.128290052213240813e+01,-1.641510781217281334e+00,9.550106160899818342e-01,-9.997879042247772574e-01,1.392025150752049766e-02,-1.511202039051629843e-02,1.942041298962964447e+03
1.140691828373143402e+01,-2.120405787434813227e+00,9.332593247315773555e-01,-9.998919613038763643e-01,1.463098480121074324e-02,-0.000000000000000000e+00,1.950045174797030541e+03
1.151958886677688199e+01,-2.602014638740910435e+00,9.126635242795403391e-01,-9.991876666985084476e-01,1.803244959429612174e-02,-3.601162976761394796e-02,1.958049050631096634e+03
1.162066955974443339e+01,-3.085811619166455966e+00,8.933037554138231195e-01,-9.971755295022114440e-01,2.141031131082622718e-02,-7.197612056048360851e-02,1.966052926465162727e+03
1.170992894754404112e+01,-3.571262316019779615e+00,8.752603320500180750e-01,-9.938581836934222702e-01,2.476014870744265572e-02,-1.078463988320425559e-01,1.974056802299228821e+03
1.178714703071625003e+01,-4.057823916925259233e+00,8.586133272253755333e-01,-9.892399715583110043e-01,2.807757722298729122e-02,-1.435755143751495377e-01,1.982060678133294914e+03
1.185211534165499536e+01,-4.544945509448814924e+00,8.434425590172274223e-01,-9.833269380065634557e-01,3.135825471650924984e-02,-1.791167017653306215e-01,1.990064553967361007e+03
1.190463705783800386e+01,-5.032068383246671495e+00,8.298275764956903888e-01,-9.761268226583127428e-01,3.459788714972920898e-02,-2.144234415620058787e-01,1.998068429801427101e+03
1.194452711204630369e+01,-5.518626334673340850e+00,8.178476457125061216e-01,-9.676490497140091129e-01,3.779223420655626609e-02,-2.494495211877187646e-01,2.006072305635493194e+03
1.197161229955485595e+01,-6.004045973784434942e+00,8.075817357278819442e-01,-9.579047156204822944e-01,4.093711484231357667e-02,-2.841490954058095153e-01,2.014076181469559288e+03
1.198573138227667201e+01,-6.487747033669587715e+00,7.991085046771904121e-01,-9.469065745493225883e-01,4.402841275542099947e-02,-3.184767463174965618e-01,2.022080057303625381e+03
1.198673518984334585e+01,-6.969142682050333271e+00,7.925062858793792131e-01,-9.346690217065551920e-01,4.706208177438383350e-02,-3.523875427999568766e-01,2.030083933137691474e+03
1.197448671760525052e+01,-7.447639835077507264e+00,7.878530739889378909e-01,-9.212080744954116440e-01,5.003415115304712252e-02,-3.858370993077254174e-01,2.038087808971757568e+03
1.194886122153529584e+01,-7.922639473262425902e+00,7.852265111932484887e-01,-9.065413515567971592e-01,5.294073076719425092e-02,-4.187816339605581750e-01,2.046091684805823661e+03
1.194408510818239044e+01,-7.984146587066053513e+00,7.851600753606270411e-01,-8.906880497148171871e-01,5.577801620569701468e-02,-4.511780258418345846e-01,2.047136279865358347e+03
1.189647899113708540e+01,-8.451336110949581482e+00,7.868120576616319806e-01,-8.736689188574620069e-01,5.854229374956149146e-02,-4.829838714325978555e-01,2.055140155699424213e+03
1.183532962285829626e+01,-8.913607397579250247e+00,7.906546889442842563e-01,-8.555062347852356863e-01,6.122994523235926467e-02,-5.141575401074535145e-01,2.063144031533490306e+03
1.176055181237313008e+01,-9.370346014226427656e+00,7.967642510509457265e-01,-9.991989608065342532e-01,0.000000000000000000e+00,-3.999295840626073545e-02,2.071147907367556400e+03
1.167211542221471809e+01,-9.820940244227649885e+00,8.052308763032622885e-01,-8.475878438099091472e-01,-2.715996295123831224e-03,5.306462761482237944e-01,2.079151783201622493e+03
1.157008752462933998e+01,-1.026479085753560483e+01,8.161727908499148976e-01,-8.465767769543360854e-01,5.360681229013056215e-02,5.295583729858517330e-01,2.087155659035688586e+03
1.145462234535670909e+01,-1.070131224553984595e+01,8.297017837191635881e-01,-8.428782767020051025e-01,1.097594481486798279e-01,5.267894021406128724e-01,2.095159534869754680e+03
1.132595128066551737e+01,-1.112993306248452186e+01,8.458886769953737339e-01,-8.365040836861304951e-01,1.655636568778627304e-01,5.223481535330068981e-01,2.103163410703820773e+03
1.125281317937025349e+01,-1.134909719070175349e+01,8.557351833472139901e-01,-8.274744323530265344e-01,2.208422901038882835e-01,5.162487256210516184e-01,2.107331732485573866e+03
1.110084164617564717e+01,-1.176170736245418169e+01,8.774001404430928908e-01,-8.158179867368167137e-01,2.754198678143184864e-01,5.085104806505397201e-01,2.115335608319639960e+03
1.093643328027076222e+01,-1.216495296969498519e+01,9.018481838830585406e-01,-8.015717494768176410e-01,3.291231353962421058e-01,4.991579831968873115e-01,2.123339484153706053e+03
1.075989063982205884e+01,-1.255829711473823096e+01,9.291280410062656703e-01,-7.847809443667657092e-01,3.817816136123698412e-01,4.882209221938867971e-01,2.131343359987772146e+03
1.057152680228659669e+01,-1.294121184289772586e+01,9.592879290028383243e-01,-7.654988728083564897e-01,4.332281397696341463e-01,4.757340166966431139e-01,2.139347235821838240e+03
1.037166526178018522e+01,-1.331317840970715061e+01,9.923755461334935468e-01,-7.437867446243444647e-01,4.832993983627545398e-01,4.617369056775675329e-01,2.147351111655904333e+03
1.016063982387692555e+01,-1.367368754589632829e+01,1.028438063018632942e+00,-7.197134837677945374e-01,5.318364395085484198e-01,4.462740222049638716e-01,2.155354987489970426e+03
9.938798974988523938e+00,-1.402223979023456124e+01,1.067522123136919854e+00,-6.933555095437323734e-01,5.786851835254221976e-01,4.293944524032924925e-01,2.163358863324036520e+03
9.706510120793115703e+00,-1.435835609327682683e+01,1.109678758548167332e+00,-6.647964940371599019e-01,6.236969100563568569e-01,4.111517796425014915e-01,2.171362739158102613e+03
9.464154357350503588e+00,-1.468158838048892179e+01,1.154968286535307920e+00,-6.341270965169222285e-01,6.667287301826513302e-01,3.916039144506953118e-01,2.179366614992168707e+03
9.212121236902868660e+00,-1.499150976899039200e+01,1.203455374264560174e+00,-6.014446756580200670e-01,7.076440400295854749e-01,3.708129106897465332e-01,2.187370490826234800e+03
8.950808514201460397e+00,-1.528770472887114451e+01,1.255204111786735854e+00,-5.668529804953985618e-01,7.463129544238000790e-01,3.488447685770775242e-01,2.195374366660300893e+03
8.680622017887191788e+00,-1.556976928997035969e+01,1.310278000269915255e+00,-5.304618210897985575e-01,7.826127192254327403e-01,3.257692251786207249e-01,2.203378242494366987e+03
8.401975519900613421e+00,-1.583731124585864336e+01,1.368739940311182179e+00,-4.923867199507193648e-01,8.164281010256397852e-01,3.016595330377765949e-01,2.211382118328433080e+03
8.115290602941231057e+00,-1.608995035498155701e+01,1.430652220328752389e+00,-4.527485453226898771e-01,8.476517529719294064e-01,2.765922276428895987e-01,2.219385994162499173e+03
7.820996525996417148e+00,-1.632731853892321539e+01,1.496076505036043613e+00,-4.116731274986956679e-01,8.761845555594333090e-01,2.506468844712428923e-01,2.227389869996565267e+03
7.519530087960528242e+00,-1.654906007774919274e+01,1.565073823999327152e+00,-3.692908593785744764e-01,9.019359313056816152e-01,2.239058663807150795e-01,2.235393745830631360e+03
7.480419146727951052e+00,-1.657556858036714331e+01,1.574320961223236282e+00,-3.257362825402960738e-01,9.248241323093130406e-01,1.964540621509383578e-01,2.236412113772757039e+03
7.167404147472238307e+00,-1.677030662574389908e+01,1.650714429695500751e+00,-2.811476601381224794e-01,9.447764997792282848e-01,1.683786170039525965e-01,2.244415989606823132e+03
6.848339194260152141e+00,-1.694862956904365703e+01,1.730808280820078426e+00,-2.356665379835528040e-01,9.617296947096760640e-01,1.397686559598659006e-01,2.252419865440889225e+03
6.523684104187921662e+00,-1.711022475063943915e+01,1.814661192284848790e+00,-1.894372952025675239e-01,9.756298989683863665e-01,1.107150009058375101e-01,2.260423741274955319e+03
6.193885445733982031e+00,-1.725480148551660875e+01,1.902281987822736609e+00,-1.426066858958522643e-01,9.864329861588303494e-01,8.130988227670395141e-02,2.268427617109021412e+03
5.859355755147610090e+00,-1.738209905974328962e+01,1.993580462429020983e+00,-9.532337325732838373e-02,9.941046617137010433e-01,5.164664626272706671e-02,2.276431492943087505e+03
5.691031710995967607e+00,-1.743745608595596863e+01,2.040737278640438301e+00,-4.773745763032093137e-02,9.986205717744498500e-01,2.181945847418089932e-02,2.280408773675207158e+03
5.348423584665791708e+00,-1.753277556046076313e+01,2.139131278780668222e+00,-0.000000000000000000e+00,9.999663805108999215e-01,-8.076994996221414924e-03,2.288412649509273251e+03
5.002190404221126485e+00,-1.761022699561660687e+01,2.240816831849295365e+00,2.499997836771562798e-05,7.954333117178203905e-01,6.060394755988152138e-01,2.296416525343339345e+03
4.652730513514961252e+00,-1.766967222459297560e+01,2.345547048047204264e+00,0.000000000000000000e+00,3.188245601457435074e-01,9.478126923860353825e-01,2.304420401177405438e+03
4.300440323347180183e+00,-1.771100821813008963e+01,2.453039438174875464e+00,3.863318243995272905e-02,4.307610269616964915e-01,9.016376294648720258e-01,2.312424277011471531e+03
3.945717343523405418e+00,-1.773414224047217047e+01,2.563011003865893311e+00,7.664226973674131971e-02,5.357387888769579165e-01,8.408970879862293080e-01,2.320428152845537625e+03
3.588960081315492712e+00,-1.773899186915411619e+01,2.675178287009900124e+00,1.134132459315033009e-01,6.320619862008097778e-01,7.665722935565303375e-01,2.328432028679603718e+03
3.230581729013087156e+00,-1.772551983384980190e+01,2.789260772319269499e+00,1.483520954158655814e-01,7.181745669047628899e-01,6.798639181763506123e-01,2.336435904513669811e+03
2.871022103151235516e+00,-1.769376953243195416e+01,2.904984289355723615e+00,1.808943988965707461e-01,7.926854239783578393e-01,5.821726849150408167e-01,2.344439780347735905e+03
2.510731119161536906e+00,-1.764383118300185060e+01,3.022077707251538570e+00,2.105144513529586814e-01,8.543908684957344235e-01,4.750767407520880559e-01,2.352443656181801998e+03
2.497391669185693441e+00,-1.764144095645625043e+01,3.026445914185869501e+00,2.367337546830847184e-01,9.022940752866021041e-01,3.603061630019512851e-01,2.352738983735501733e+03
2.134931936891221405e+00,-1.756185991508788291e+01,3.145985026788977734e+00,2.591287478218073370e-01,9.356211869756443367e-01,2.397150110763565101e-01,2.360742859569567827e+03
1.772847747541029362e+00,-1.746427872061089559e+01,3.266340882597935202e+00,2.773376494216183152e-01,9.538338161159303219e-01,1.152513750360237982e-01,2.368746735403633920e+03
1.411574525974384153e+00,-1.734882812960132270e+01,3.387241571916935090e+00,2.910663025170443508e-01,9.566377433255874863e-01,-1.107409520584180622e-02,2.376750611237700014e+03
1.051542604264529945e+00,-1.721565068574944846e+01,3.508415062500814585e+00,3.000929267154979208e-01,9.439876708033705377e-01,-1.372206715739097693e-01,2.384754487071766107e+03
6.931770986340394236e-01,-1.706490057103412994e+01,3.629589246924283419e+00,3.042717011111087944e-01,9.160879543527481461e-01,-2.611505155909524256e-01,2.392758362905832200e+03
3.368977880545966364e-01,-1.689674345427533453e+01,3.750491989962339012e+00,3.035351200173727060e-01,8.733893020513929795e-01,-3.808615995068983517e-01,2.400762238739898294e+03
-1.688100545060259791e-02,-1.671135633710144930e+01,3.870851175975642100e+00,2.978950834526316038e-01,8.165814929072874317e-01,-4.944200488419523976e-01,2.408766114573964387e+03
-3.677505347838911365e-01,-1.650892739736824311e+01,3.990394756294598722e+00,2.874427047670060076e-01,7.465822331838508630e-01,-5.999913837476141820e-01,2.416769990408030480e+03
-6.235458715269518448e-01,-1.634844144485730055e+01,4.077500313686332589e+00,3.124258571611707724e-01,7.850684208200212622e-01,-5.348417134139983320e-01,2.422651536278851381e+03
-9.685279300628347743e-01,-1.611430878168411951e+01,4.194850178988151157e+00,3.354251555002118468e-01,8.185695509144588211e-01,-4.662958882219681578e-01,2.430655412112917475e+03
-1.309506880689495389e+00,-1.586386262463913610e+01,4.310792799022663324e+00,3.562945598412498027e-01,8.468728994407632715e-01,-3.947891574240573465e-01,2.438659287946983568e+03
-1.646126430549002206e+00,-1.559742285676597717e+01,4.425144178496869252e+00,3.749015539868008062e-01,8.697987457000957434e-01,-3.207755707592669370e-01,2.446663163781049661e+03
-1.978039854984502188e+00,-1.531531863212721234e+01,4.537720570774760098e+00,3.911279868352179334e-01,8.872015134067248177e-01,-2.447250958155356981e-01,2.454667039615115755e+03
-2.304910089637671522e+00,-1.501788810752898407e+01,4.648338509615427938e+00,4.048708225677082884e-01,8.989706950787997863e-01,-1.671206343377731884e-01,2.462670915449181848e+03
-2.626409819634330844e+00,-1.470547817230990617e+01,4.756814840875353667e+00,4.160427949113879587e-01,9.050315538640075763e-01,-8.845495639606200389e-02,2.470674791283247941e+03
-2.942221565845084985e+00,-1.437844417625696458e+01,4.862966754170707340e+00,4.686164516531949875e-01,8.717796124024049798e-01,-1.428178162530108208e-01,2.478678667117314035e+03
-3.252037768208281943e+00,-1.403714965571146500e+01,4.966611814495457189e+00,5.179917901193833440e-01,8.325777652827084374e-01,-1.962059380488815341e-01,2.486682542951380128e+03
-3.555560866102960738e+00,-1.368196605792831377e+01,5.067567993791141312e+00,5.638318242409432468e-01,7.876935665534061659e-01,-2.482549479535957615e-01,2.494686418785446222e+03
-3.703972715450759345e+00,-1.349930639502610141e+01,5.116411475146841248e+00,6.058236964829102345e-01,7.374333519355802391e-01,-2.986096117555920859e-01,2.498666572844796974e+03
-3.997115321382312292e+00,-1.312012917098764930e+01,5.211763975786767311e+00,6.436808130058029320e-01,6.821401480650426397e-01,-3.469262592627045394e-01,2.506670448678863067e+03
-4.283192160942684623e+00,-1.272803188321067580e+01,5.303975140782866582e+00,6.771447995817001519e-01,6.221913313481045593e-01,-3.928751297737923531e-01,2.514674324512929161e+03
-4.561941277793767568e+00,-1.232341284368560075e+01,5.392864722734219463e+00,7.059872649217614482e-01,5.579960524088334317e-01,-4.361426226184419996e-01,2.522678200346995254e+03
-4.833111046269993771e+00,-1.190667701490388097e+01,5.478253022434556030e+00,7.300113593854400396e-01,4.899924437030237501e-01,-4.764334374098758151e-01,2.530682076181061348e+03
-5.096460235330229516e+00,-1.147823572563267547e+01,5.559960920092190229e+00,7.490531184371892470e-01,4.186446293523814477e-01,-5.134725894085556686e-01,2.538685952015127441e+03
-5.351782947642718113e+00,-1.103851344625152642e+01,5.637829941543965440e+00,7.629825816843561759e-01,3.444395576009471327e-01,-5.470072862457043827e-01,2.546689827849193534e+03
-5.598933913967449882e+00,-1.058795330951949509e+01,5.711742320830791364e+00,7.717046798602291702e-01,2.678836775054143637e-01,-5.768086532012908219e-01,2.554693703683259628e+03
-5.837804184945575514e+00,-1.012700786971897315e+01,5.781600985433631656e+00,7.751598836985132968e-01,1.894994825335581945e-01,-6.026732952635600604e-01,2.562697579517325721e+03
-6.068296436720149956e+00,-9.656131100004548884e+00,5.847309537864777695e+00,7.733246102691317958e-01,1.098219446532526233e-01,-6.244246853099312267e-01,2.570701455351391814e+03
-6.290324966034085641e+00,-9.175778073674990765e+00,5.908772272240500278e+00,7.241309181904617143e-01,3.393914203802798624e-01,-6.003714492654589341e-01,2.578705331185457908e+03
-6.334300986899541464e+00,-9.076677044616580758e+00,5.920422847069470862e+00,6.346025636083271193e-01,5.500564512837199382e-01,-5.428770456221938545e-01,2.580331318504142928e+03
-6.545152118329229829e+00,-8.581643726207746070e+00,5.973603358995022816e+00,5.097263960967264307e-01,7.300828325309457467e-01,-4.551439978367789463e-01,2.588335194338209021e+03
-6.747318374559819532e+00,-8.078156653766663808e+00,6.022330018217114223e+00,3.564581531608766451e-01,8.694430004646913623e-01,-3.420591381464596625e-01,2.596339070172275115e+03
-6.940751288612183600e+00,-7.566673662197390904e+00,6.066509715353411991e+00,1.833350003518061655e-01,9.603745559196910087e-01,-2.099213900243174780e-01,2.604342946006341208e+03
-7.125396064183581402e+00,-7.047642360109565018e+00,6.106080686940599023e+00,0.000000000000000000e+00,9.978126036216971029e-01,-6.609090750977794637e-02,2.612346821840407301e+03
-7.301173149808111162e+00,-6.521490728435590967e+00,6.141043111776224528e+00,7.525789214886183798e-01,9.257286733498878983e-02,-6.519610656828013218e-01,2.620350697674473395e+03
-7.459102561386664831e+00,-6.017784757501320136e+00,6.169784539465513085e+00,7.901121582998239523e-01,4.634195063228987305e-02,6.112063488867547356e-01,2.627917929885181820e+03
-7.617333759252741032e+00,-5.478801981048379233e+00,6.195653295217020684e+00,-1.403459084874787155e-01,-4.257097224160614202e-01,-8.939084171271970414e-01,2.635921805719247914e+03
-7.766465799686099736e+00,-4.933939499241899007e+00,6.217008602786057381e+00,4.607842761127391162e-02,-1.609768434816803706e-01,-9.858809433046376025e-01,2.643925681553314007e+03
-7.906441069700660407e+00,-4.383620634094734569e+00,6.233884251497284090e+00,2.272822848887583458e-01,1.219942713220657782e-01,-9.661563852398843411e-01,2.651929557387380100e+03
-8.037177251381868004e+00,-3.828250051645099017e+00,6.246329115464112292e+00,3.827358088243229539e-01,3.911438590231272050e-01,-8.369694033783735554e-01,2.659933433221446194e+03
-8.158531593523539627e+00,-3.268195816105525342e+00,6.254421482853762093e+00,4.948265783860393285e-01,6.159780727971503334e-01,-6.129565002148078534e-01,2.667937309055512287e+03
-8.180746178530542423e+00,-3.159552341495146077e+00,6.255200016969717502e+00,5.508550857743951257e-01,7.710239222593830988e-01,-3.194977085682064177e-01,2.669480296999758139e+03
-8.289749545457013369e+00,-2.592676235911879346e+00,6.255240627019311717e+00,5.444735451971088880e-01,8.387152994147347718e-01,1.015899151411716293e-02,2.677484172833824232e+03
-8.388975842460698829e+00,-2.021916076899164860e+00,6.251134650852556263e+00,9.948943569145880517e-01,0.000000000000000000e+00,-1.009119347719758530e-01,2.685488048667890325e+03
-8.478271100234419322e+00,-1.447637152771062308e+00,6.242977232395292120e+00,9.793559393082463815e-01,-1.249934765677239573e-01,-1.588602371818848835e-01,2.693491924501956419e+03
-8.557488672533798635e+00,-8.702096416955892311e-01,6.230864185945777400e+00,9.449915046391150764e-01,-2.475842189592176168e-01,-2.137547910166907594e-01,2.701495800336022512e+03
-8.626489296983045563e+00,-2.900084157446838895e-01,6.214891979218887030e+00,8.924616370267047794e-01,-3.654156826262791591e-01,-2.645403661575085885e-01,2.709499676170088605e+03
-8.685127280487508372e+00,2.926001316340318126e-01,6.195164450207430562e+00,8.227761122311741948e-01,-4.762228106076786815e-01,-3.102407191183553237e-01,2.717503552004154699e+03
-8.733236028558268416e+00,8.772705569302368112e-01,6.171799522764708890e+00,7.372744865595607378e-01,-5.778755744164623120e-01,-3.499773592128646582e-01,2.725507427838220792e+03
-8.770641004931716722e+00,1.463664515292612878e+00,6.144922451910530548e+00,6.376003464679174115e-01,-6.684199191736182044e-01,-3.829864355775377538e-01,2.733511303672286886e+03
-8.797173357362845891e+00,2.051437586568723770e+00,6.114659067863634334e+00,5.256697139077947112e-01,-7.461153259209609701e-01,-4.086334204472807374e-01,2.741515179506352979e+03
-8.802625101146803743e+00,2.223844402956096644e+00,6.104891409449380468e+00,4.036342147964785965e-01,-8.094682690916819023e-01,-4.264253064486859812e-01,2.743859125371373921e+03
-8.813219496381595519e+00,2.813292919439661866e+00,6.068529040482758319e+00,2.738397186391399729e-01,-8.572609260362592520e-01,-4.360200834681963178e-01,2.751863001205440014e+03
-8.812568024309946679e+00,3.403277716003263897e+00,6.029071114535113907e+00,1.387812443658858474e-01,-8.885745867751129179e-01,-4.372333129465520996e-01,2.759866877039506107e+03
-8.800521263308157316e+00,3.993435271277603782e+00,5.986645368488270336e+00,1.054999198382625906e-03,-9.028073140222008242e-01,-4.300416732425225153e-01,2.767870752873572201e+03
-8.776935815655104278e+00,4.583396637474095314e+00,5.941380018857043588e+00,2.689467362881742263e-02,-9.040849483447009893e-01,-4.265033208622483474e-01,2.775874628707638294e+03
-8.741689714272499856e+00,5.172817370568283835e+00,5.893422186003400398e+00,5.271600907656306956e-02,-9.047461391793170105e-01,-4.226741605856285111e-01,2.783878504541704388e+03
-8.694696333542177413e+00,5.761408221020616338e+00,5.842956315014984803e+00,7.850139957217458497e-02,-9.047904357720624180e-01,-4.185568033137818111e-01,2.791882380375770481e+03
-8.635886874612591413e+00,6.348906604697601708e+00,5.790185696663734838e+00,1.042332636601852186e-01,-9.042178079836514781e-01,-4.141540564471843378e-01,2.799886256209836574e+03
-8.565194329488672764e+00,6.935047255035507341e+00,5.735313985036558648e+00,1.298940563858798081e-01,-9.030286463092079829e-01,-4.094689219712255301e-01,2.807890132043902668e+03
-8.523775182928018168e+00,7.236002572308905201e+00,5.706150863213959035e+00,1.554662812571558916e-01,-9.012237616116893779e-01,-4.045045944093412227e-01,2.812008479671528221e+03
-8.433472890805630229e+00,7.819465262608670919e+00,5.647791410053960348e+00,1.809325021733221572e-01,-8.988043845687601063e-01,-3.992644586449030086e-01,2.820012355505594314e+03
-8.331270063512528523e+00,8.400874056899086284e+00,5.587754725469321393e+00,2.062753553127081585e-01,-8.957721648334967535e-01,-3.937520876133528414e-01,2.828016231339660408e+03
-8.217199216624161195e+00,8.979966289457394168e+00,5.526186322274148743e+00,2.314775609709852910e-01,-8.921291699094918703e-01,-3.879712398661515627e-01,2.836020107173726501e+03
-8.091294531170170501e+00,9.556480271860488429e+00,5.463231941292264970e+00,2.565219353421356874e-01,-8.878778837411316349e-01,-3.819258570082048054e-01,2.844023983007792594e+03
-7.953591842408105350e+00,1.013015532210631697e+01,5.399037525953966465e+00,2.813914022340407439e-01,-8.830212050200015872e-01,-3.756200610105107085e-01,2.852027858841858688e+03
-7.804128628501570297e+00,1.070073179349201453e+01,5.333749196867728415e+00,3.060690047107096357e-01,-8.775624452085798444e-01,-3.690581513998609786e-01,2.860031734675924781e+03
-7.642943999104560682e+00,1.126795110324717797e+01,5.267513226370220458e+00,3.305379166532156354e-01,-8.715053262825612768e-01,-3.622446023275103788e-01,2.868035610509990875e+03
-7.470078683853685675e+00,1.183155576092068806e+01,5.200476013057993896e+00,3.547814542314637332e-01,-8.648539781933525239e-01,-3.551840595188107130e-01,2.876039486344056968e+03
-7.285575020770028054e+00,1.239128939651963179e+01,5.132784056304227072e+00,3.787830872789739178e-01,-8.576129360524655798e-01,-3.478813371058884774e-01,2.884043362178123061e+03
-7.089476944572379757e+00,1.294689678839876201e+01,5.064583930763878250e+00,4.025264505629308487e-01,-8.497871370397265256e-01,-3.403414143455228413e-01,2.892047238012189155e+03
-7.002432510717088832e+00,1.318120942505185589e+01,5.035545626188982382e+00,4.259953549418211138e-01,-8.413819170374060574e-01,-3.325694322244597267e-01,2.895442534093102950e+03
-6.788176382020978394e+00,1.373014318307743054e+01,4.966942885766812310e+00,4.491737984030551578e-01,-8.324030069925639763e-01,-3.245706899544748558e-01,2.903446409927169043e+03
-6.562445412671879197e+00,1.427430448471779734e+01,4.898187453174891459e+00,4.720459769730547261e-01,-8.228565290100814389e-01,-3.163506413595718048e-01,2.911450285761235136e+03
-6.325289067672770216e+00,1.481344237247348339e+01,4.829425961609529416e+00,4.945962954923698862e-01,-8.127489921790453931e-01,-3.079148911577770376e-01,2.919454161595301230e+03
-6.076758355409192625e+00,1.534730716042212606e+01,4.760805006703245468e+00,5.168093782484847187e-01,-8.020872881353224848e-01,-2.992691911400641169e-01,2.927458037429367323e+03
-5.816905815498645715e+00,1.587565046071938113e+01,4.692471121026406067e+00,5.386700794590651986e-01,-7.908786863633461284e-01,-2.904194362490084003e-01,2.935461913263433416e+03
-5.545785506562613598e+00,1.639822520984148113e+01,4.624570748598936021e+00,5.601634935985043695e-01,-7.791308292403144042e-01,-2.813716605598444720e-01,2.943465789097499510e+03
-5.263452993923031897e+00,1.691478569456817738e+01,4.557250219415523773e+00,5.812749655607287735e-01,-7.668517268261709763e-01,-2.721320331666634007e-01,2.951469664931565603e+03
-4.969999113468331231e+00,1.742510289268172485e+01,4.490620237825040384e+00,6.019901006513366237e-01,-7.540497514029196324e-01,-2.627068539765503030e-01,2.959473540765631697e+03
-4.665582970363988835e+00,1.792898150514478317e+01,4.424720377233826163e+00,6.222947744022601091e-01,-7.407336317669865888e-01,-2.531025494145293098e-01,2.967477416599697790e+03
-4.350396972480948143e+00,1.842624717794230804e+01,4.359554559764297288e+00,6.421751422022585754e-01,-7.269124472785177815e-01,-2.433256680422387075e-01,2.975481292433763883e+03
-4.024632596030102150e+00,1.891673199977875441e+01,4.295126542240767620e+00,6.616176487366788317e-01,-7.125956216716630154e-01,-2.333828760933231994e-01,2.983485168267829977e+03
-3.688480302290011448e+00,1.940027445933851880e+01,4.231439916036211280e+00,6.228205796328546429e-01,-7.493530307002342905e-01,-2.248612037802610319e-01,2.991489044101896070e+03
-3.342129455002449845e+00,1.987671940073438037e+01,4.168498106942617909e+00,5.821993112860625041e-01,-7.839156201798056500e-01,-2.156809272412947287e-01,2.999492919935962163e+03
-2.985768238448863965e+00,2.034591797715878414e+01,4.106304375064969925e+00,5.398728216961250492e-01,-8.161821597474959722e-01,-2.058689352560679753e-01,3.007496795770028257e+03
-2.619583576220790633e+00,2.080772760275320721e+01,4.044861814738843542e+00,4.959650831020036565e-01,-8.460581441057558605e-01,-1.954539667947304271e-01,3.015500671604094350e+03
-2.243761050697314907e+00,2.126201190271094532e+01,3.984173354471605588e+00,4.506046988692328226e-01,-8.734560697785475059e-01,-1.844665268388156476e-01,3.023504547438160444e+03
-1.858484823242382955e+00,2.170864066162911854e+01,3.924241756907267398e+00,4.039245268200759020e-01,-8.982956913592478054e-01,-1.729387970315319489e-01,3.031508423272226537e+03
-1.463937555134583235e+00,2.214748977012577669e+01,3.865069618815298202e+00,3.560612901096051330e-01,-9.205042565009615707e-01,-1.609045414192334655e-01,3.039512299106292630e+03
-1.060300329242051198e+00,2.257844116973830495e+01,3.806659371104372358e+00,3.071551767871757987e-01,-9.400167189621330133e-01,-1.483990075601556990e-01,3.047516174940358724e+03
-7.458135062981124941e-01,2.290225976720345713e+01,3.762649189601309452e+00,2.573494292157241237e-01,-9.567759290845669895e-01,-1.354588232900135469e-01,3.053630985231456634e+03
-3.263205087586565356e-01,2.331893608591495592e+01,3.705852695405789099e+00,2.067899245508610095e-01,-9.707328011469877893e-01,-1.221218894467279992e-01,3.061634861065522728e+03
1.017726383972627074e-01,2.372741386266802266e+01,3.649841898688904518e+00,1.556247475077662534e-01,-9.818464571048777234e-01,-1.084272688683357300e-01,3.069638736899588821e+03
5.382946366055557652e-01,2.412759652228880825e+01,3.594636562674972780e+00,1.040037566663481738e-01,-9.900843462963729857e-01,-9.441507198900243869e-02,3.077642612733654914e+03
9.830761018148237440e-01,2.451939313560796307e+01,3.540256278728314943e+00,5.207814558394788240e-02,-9.954223407642277532e-01,-8.012633936798677081e-02,3.085646488567721008e+03
1.435949636583643496e+00,2.490271835552763946e+01,3.486720463298921047e+00,0.000000000000000000e+00,-9.978448059151073801e-01,-6.560292149534976969e-02,3.093650364401787101e+03
1.896749901360380131e+00,2.527749235152288421e+01,3.434048354900878230e+00,-6.106200446229600315e-02,-9.975591686618706655e-01,-3.383986747505320081e-02,3.101654240235853194e+03
2.365313684932802474e+00,2.564364074259611570e+01,3.382259011116874436e+00,-1.218347196404011429e-01,-9.925475445170696132e-01,-1.916497952402838748e-03,3.109658116069919288e+03
2.841479974036256184e+00,2.600109452870270488e+01,3.331371305628215040e+00,-1.820302325756913697e-01,-9.828336773039956231e-01,3.001594887269671760e-02,3.117661991903985381e+03
3.325090022109225885e+00,2.634979002066599918e+01,3.281403925270621080e+00,-2.413633649817317206e-01,-9.684635876944222010e-01,6.180619189025503279e-02,3.125665867738051475e+03
3.816020087735563227e+00,2.668963801100373701e+01,3.232337773473864750e+00,-2.995530242350894490e-01,-9.495053551544918591e-01,9.330362375502392058e-02,3.133669743572117568e+03
4.314212630811145921e+00,2.702049131321475883e+01,3.184078380405895192e+00,-3.563235350064069551e-01,-9.260487953992628807e-01,1.243590243665295414e-01,3.141673619406183661e+03
4.819641366987295505e+00,2.734217305197223880e+01,3.136493513783484399e+00,-4.114059452256523253e-01,-8.982050348848715782e-01,1.548252677754480833e-01,3.149677495240249755e+03
5.332277831434516280e+00,2.765450664575501349e+01,3.089450796384512365e+00,-4.645393001971084845e-01,-8.661059843542137093e-01,1.845580191686883864e-01,3.157681371074315848e+03
5.852091376308938386e+00,2.795731586263375945e+01,3.042817729938403382e+00,-5.154718788304820665e-01,-8.299037139296757681e-01,2.134164186325518964e-01,3.165685246908381941e+03
6.379049168758323063e+00,2.825042487611822395e+01,2.996461719033792104e+00,-5.639623861338203259e-01,-7.897697327122877864e-01,2.412637484559270462e-01,3.173689122742448035e+03
6.913116189468228256e+00,2.853365832105411570e+01,2.950250095040213960e+00,-6.097810963208549762e-01,-7.458941762985441537e-01,2.679680808133482195e-01,3.181692998576514128e+03
7.454255231748845745e+00,2.880684134955810549e+01,2.904050140040615791e+00,-6.527109411189928601e-01,-6.984849060619086059e-01,2.934029027605370432e-01,3.189696874410580222e+03
8.002426901162953854e+00,2.906979968697946859e+01,2.857729110771489722e+00,-6.925485381233461579e-01,-6.477665244636827691e-01,3.174477155823247077e-01,3.197700750244646315e+03
8.268570363098758591e+00,2.919258320427199038e+01,2.835376126957749765e+00,-7.291051543257288658e-01,-5.939793110554520972e-01,3.399886056541164270e-01,3.201550333626436895e+03
