-4.995392436230258859e+00,-2.009055636811751366e+00,3.010318588924758565e+00,5.361949999999999772e-01,3.538499999999999979e-02,-8.433519999999999905e-01,0.000000000000000000e+00
-4.469951702719316522e+00,-1.067411455094873007e+00,4.214091234732936009e+00,5.300739629956886523e-01,2.016007158560668283e-02,-8.477105433124338951e-01,7.018510348650269570e+00
-3.996350885245123941e+00,-6.224161450689706665e-02,5.258585805762383103e+00,5.258078711353680879e-01,2.726373459015021122e-03,-8.505978188987634026e-01,1.403702069730053914e+01
-3.637892394013169550e+00,1.080191364997688419e+00,5.984751563210669367e+00,5.213680153477270318e-01,-1.470822563126942401e-02,-8.532039970877468571e-01,2.105553104595080782e+01
-3.577321336651074990e+00,1.343960301941617974e+00,6.095121125317184863e+00,5.167558617012697475e-01,-3.213796841755352934e-02,-8.555282171608094011e-01,2.255518117952281187e+01
-3.366236867929405907e+00,2.693484172449817304e+00,6.421200346908362278e+00,5.082135195900350233e-01,-9.060673164327673335e-02,-8.564504881668122405e-01,2.957369152817308233e+01
-3.268887881037312759e+00,4.270837751962955231e+00,6.470311905771390038e+00,4.978962824290624201e-01,-1.487590431983405459e-01,-8.543816705691302804e-01,3.659220187682335279e+01
-3.233344115613255187e+00,6.087988701560512084e+00,6.407591714512249403e+00,4.858401805118024996e-01,-2.063918250230392659e-01,-8.493289901788710905e-01,4.361071222547361970e+01
-3.222146269569283294e+00,7.197018161285927640e+00,6.365650900394919098e+00,4.720873152657212302e-01,-2.633038129673631600e-01,-8.413100907727345534e-01,4.757140132920569187e+01
-3.213445407882776106e+00,9.139253563464098562e+00,6.256522953664436670e+00,5.219146440917953322e-01,-3.381557782056412997e-01,-7.831052125656970953e-01,5.458991167785595877e+01
-3.245759326635704323e+00,1.082198682289314817e+01,6.011134832746802381e+00,5.657538229100974592e-01,-4.091279279216267217e-01,-7.159154632051287770e-01,6.160842202650622568e+01
-3.465867009536366616e+00,1.189612771394542001e+01,5.524323775952602489e+00,6.031018762910936859e-01,-4.754059821670313379e-01,-6.405117320806972270e-01,6.862693237515649969e+01
-4.057204363973866634e+00,1.213997091269398609e+01,4.798708179279147501e+00,6.335303005994384895e-01,-5.362295160272871897e-01,-5.577591454762820256e-01,7.564544272380676659e+01
-4.256069993679596486e+00,1.208887838595012632e+01,4.597138097621364494e+00,6.566899795556715436e-01,-5.909006828116601939e-01,-4.686071422871207481e-01,7.736520942755934982e+01
-5.100953882175078391e+00,1.159394261671447524e+01,3.830557308529437766e+00,7.558116434075482504e-01,-4.990388739095701354e-01,-4.239185794652267081e-01,8.438371977620961673e+01
-5.844022645600864152e+00,1.069619134957507178e+01,3.301412863839255252e+00,8.396199380804880708e-01,-3.970661604391849675e-01,-3.706410983837106210e-01,9.140223012485988363e+01
-6.169549457065328646e+00,9.651088365957404491e+00,3.255539460176599675e+00,9.064168652904505130e-01,-2.870485708053373552e-01,-3.098541339321007060e-01,9.842074047351015054e+01
-6.166513351174452318e+00,9.293898824572217165e+00,3.358624987658562322e+00,9.548490751028443357e-01,-1.712151216928822217e-01,-2.427892622785426113e-01,1.008117364049098370e+02
-5.598353456256213612e+00,8.407660534935912366e+00,4.174405593797047231e+00,8.599776236668860152e-01,-1.347910958227595268e-01,-4.922071182736740824e-01,1.078302467535601039e+02
-4.164606968310823554e+00,8.028820246877561573e+00,5.598432936471984256e+00,7.027262528538971154e-01,-8.858977531094038016e-02,-7.059218549247370245e-01,1.148487571022103708e+02
-3.256750172154936340e+00,8.091356296718338115e+00,6.336190229550143549e+00,4.945014005216272213e-01,-3.596243491140128923e-02,-8.684313836781365481e-01,1.184275233763773514e+02
-1.594986759691345846e+00,8.754346104137717077e+00,7.129213361346653066e+00,2.629541773755348366e-01,-8.100515085814240235e-02,-9.614006792878655450e-01,1.254460337250276183e+02
-1.011699132722993499e-01,9.686616053129201376e+00,7.066921673504855228e+00,1.450262875237435731e-02,-1.208403319957885302e-01,-9.925650043812646039e-01,1.324645440736778994e+02
7.907580904556235080e-01,1.011258885364451920e+01,6.781802032579141049e+00,-2.348812880293801864e-01,-1.529071336373528933e-01,-9.599209285227904287e-01,1.368998017739878037e+02
2.042212946624198722e+00,1.047396372144492283e+01,6.185039576672344275e+00,-3.180742669260321343e-01,-1.921035883813998479e-01,-9.283980676662511033e-01,1.439183121226380706e+02
2.944011459484840998e+00,1.066176260923394814e+01,5.555766469554478171e+00,-3.982610626032797585e-01,-2.294844363518950547e-01,-8.881007935377263074e-01,1.509368224712883375e+02
3.357140814226802661e+00,1.097149485768176547e+01,5.141740478475271381e+00,-4.746838531643328696e-01,-2.646964021233713105e-01,-8.394099440938004308e-01,1.572944390548497609e+02
3.217760515821543876e+00,1.152018258503762915e+01,5.056215986705622001e+00,-5.357550690677027605e-01,-3.961915574016415809e-01,-7.456518998896238815e-01,1.643129494035000278e+02
3.157556032162373238e+00,1.159183779317458907e+01,5.075258527611633319e+00,-5.808547302358538778e-01,-5.158757280843465631e-01,-6.296650026265324662e-01,1.651430091368838191e+02
2.146428957452102715e+00,1.178926664976766681e+01,5.554350640682669038e+00,-4.308776924947076425e-01,-3.911122207190938505e-01,-8.132488210349252400e-01,1.721615194855340860e+02
5.423892760145661018e-01,1.102699474627473464e+01,6.424599011414292349e+00,-2.499799558641205288e-01,-2.382816672012520176e-01,-9.384720926815257602e-01,1.791800298341843529e+02
-3.376156960747366820e-01,1.013331143544781554e+01,6.916331098799552990e+00,-5.114307436475783175e-02,-6.835146889612350729e-02,-9.963485648325978161e-01,1.833994686236469818e+02
-8.855831621077784321e-01,8.229338423343445896e+00,7.236603305373093598e+00,-5.840283767418674027e-02,6.908317288704074466e-02,-9.958989023858810796e-01,1.904179789722972487e+02
-5.928833059511202652e-01,6.222903255251320154e+00,7.114792477878492782e+00,-6.455637844415491877e-02,2.052092644786212283e-01,-9.765857011917953301e-01,1.974364893209475156e+02
-2.356703548716055641e-01,4.707510630591223766e+00,6.984120316133040518e+00,-6.948714373973986780e-02,3.374484691227100930e-01,-9.387747693345679378e-01,2.040470072003405733e+02
-1.765915673733194080e-02,3.483926063189013878e+00,6.946326436003153582e+00,-4.233369392304101031e-02,3.059494930235213128e-01,-9.511050236797130575e-01,2.110655175489908402e+02
2.512464334812681763e-02,2.382723176217490746e+00,6.976358546884264378e+00,-1.510059854274979282e-02,2.738748704584604843e-01,-9.616457389529898814e-01,2.180840278976411071e+02
-1.266963570301987141e-01,1.105264501308779623e+00,7.033373778452492786e+00,1.216090915194237287e-02,2.412849431521668364e-01,-9.703770857187209442e-01,2.251025382462913740e+02
-2.670158797242286886e-01,3.556279675741711443e-01,7.062390480342231491e+00,3.939954248049375163e-02,2.082410218829776061e-01,-9.772826371364591314e-01,2.286335005360879222e+02
-5.326507754056779564e-01,-1.270941122772187626e+00,7.098348049100951407e+00,-3.721790890330525792e-02,2.114316029767874250e-01,-9.766829088889534827e-01,2.356520108847381891e+02
-5.733574762175269734e-01,-2.923048424181463822e+00,7.083974781583362024e+00,-1.136164712737903620e-01,2.133787999288295212e-01,-9.703395205764846487e-01,2.426705212333884560e+02
-7.404217567483627194e-02,-4.310608471953491616e+00,6.995016976112141904e+00,-1.893468800441490685e-01,2.140711626228462006e-01,-9.582897768144574835e-01,2.496890315820387229e+02
9.290868663438492936e-01,-5.165693312723495190e+00,6.814401612079970860e+00,-2.639637992355327034e-01,2.135046191259530046e-01,-9.406045344888102067e-01,2.561927709839462750e+02
2.178639157586136577e+00,-5.453646570875303468e+00,6.435757412934396626e+00,-4.284509679069464783e-01,9.945317034974175685e-02,-8.980739585392794044e-01,2.632112813325965703e+02
2.952477055345149370e+00,-4.914529691780331611e+00,5.764592702246862821e+00,-5.749977144663896977e-01,-1.876262856202365326e-02,-8.179386236920722641e-01,2.702297916812468657e+02
3.071280050657097416e+00,-4.402012658244608190e+00,5.352694794392101052e+00,-6.974677894978281723e-01,-1.361928109898408457e-01,-7.035539786304217946e-01,2.735219638801244173e+02
2.925100859121956276e+00,-2.920244748234311682e+00,4.396103668649442575e+00,-6.499602613997337297e-01,-2.214908796602646224e-01,-7.269741734251289333e-01,2.805404742287747126e+02
2.500918737494107091e+00,-1.071311441393365760e+00,3.512217783553151840e+00,-5.959003352079886850e-01,-3.045560220490627912e-01,-7.430655556083057833e-01,2.875589845774250080e+02
2.380695029086327352e+00,7.048935018552622278e-01,3.018039727966518093e+00,-5.358329979232359097e-01,-3.845508515761250634e-01,-7.516659104200027475e-01,2.945774949260753033e+02
2.878902390096485853e+00,2.048535200861563599e+00,3.067968926945196184e+00,-4.703637945905250750e-01,-4.606689332169329743e-01,-7.526885376474884426e-01,3.015960052747255986e+02
3.389910927778844396e+00,2.602806510082133151e+00,3.282819964838987747e+00,-4.001527247780707341e-01,-5.321429117686716781e-01,-7.461231254327395090e-01,3.056984539786553228e+02
4.289541155157081675e+00,3.095614023436746187e+00,3.703916792515231649e+00,-6.251784989479464150e-01,-3.317441631128709156e-01,-7.064670230761923575e-01,3.127169643273056181e+02
4.907222763218798356e+00,2.866842379535303742e+00,3.970105863767480869e+00,-7.924571124872314964e-01,-1.007025531131296586e-01,-6.015552515482320839e-01,3.197354746759559134e+02
5.051810727717872318e+00,2.477116456108274356e+00,3.999062144356426263e+00,-8.865372469949176493e-01,1.396409042039886417e-01,-4.410783689592536749e-01,3.236072408917680150e+02
5.010028428911515341e+00,1.501121778739894941e+00,4.030742404511021171e+00,-8.849030098637639119e-01,7.875709580172289559e-02,-4.590664254573098568e-01,3.306257512404183103e+02
4.929662845284527251e+00,1.142910992207303300e+00,4.057045839347674487e+00,-8.796998817963510575e-01,1.755565292360325089e-02,-4.752030271416964879e-01,3.328217155200702564e+02
4.581133927035640596e+00,-8.691026125002021888e-03,4.358318038526662441e+00,-8.204172725303949809e-01,2.532004588378523185e-02,-5.712025859609832779e-01,3.398402258687205517e+02
4.054257789230642395e+00,-1.184294919673281710e+00,4.955989894679215801e+00,-7.506410070795105360e-01,3.276057717583729517e-02,-6.598960699020463005e-01,3.468587362173708470e+02
3.311882245552704163e+00,-2.414789923788414061e+00,5.655229447817500699e+00,-6.712635562883459972e-01,3.978207945539286722e-02,-7.401490553608833789e-01,3.538772465660211424e+02
3.154334563391369972e+00,-2.645146158337976061e+00,5.782530937336423982e+00,-5.833001873341590038e-01,4.629474463381793442e-02,-8.109350701956045127e-01,3.551547044580041756e+02
2.177050977204602944e+00,-3.918568223097359304e+00,6.398351518011134331e+00,-4.133890913888562113e-01,6.682211954968740597e-02,-9.080981573924536976e-01,3.621732148066544710e+02
1.039139038294995432e+00,-5.130135787758106858e+00,6.816145122598955552e+00,-2.274666923294607901e-01,8.476134357609953207e-02,-9.700888714524893430e-01,3.691917251553047663e+02
-1.531178637948927279e-01,-6.129262512914563921e+00,6.966654079217479811e+00,-3.273408091640638007e-02,9.941760136410497661e-02,-9.945062194303039282e-01,3.762102355039550616e+02
-8.170108184525343153e-01,-6.580301345735692919e+00,6.937781122677119328e+00,1.632664233292959177e-01,1.102232303412409020e-01,-9.804044647522195399e-01,3.801537196123343278e+02
-1.932518562436547960e+00,-7.230447303986753838e+00,6.700924443089310678e+00,3.075627291051646894e-01,1.091608410962951470e-01,-9.452444543269236110e-01,3.871722299609846232e+02
-2.912446619310271156e+00,-7.758273336695459932e+00,6.226800269695823786e+00,4.450745328862895644e-01,1.056904932368070982e-01,-8.892334787977773658e-01,3.941907403096349185e+02
-3.714681874415505902e+00,-8.318011690617371556e+00,5.578989327706302959e+00,5.727685209479239647e-01,9.988873854251267836e-02,-8.136070681371823099e-01,4.012092506582852138e+02
-3.739250449031587209e+00,-8.339457098884940578e+00,5.553906369488945671e+00,6.878279400439716307e-01,9.188355476099979713e-02,-7.200334278755943229e-01,4.014541580934391050e+02
-4.307003412022261557e+00,-8.600877885587783211e+00,4.910544894347527389e+00,7.504242235127590588e-01,5.620872922674059399e-03,-6.609310785088847728e-01,4.079308790662713591e+02
-4.790232592524177768e+00,-7.919331050512305126e+00,4.316585896651332632e+00,7.988249535245227628e-01,4.962359722229760760e-03,-6.015414105501760700e-01,4.149493894149216544e+02
-5.328480952078152200e+00,-6.370354476001181432e+00,3.848057644049709847e+00,8.425364051165452617e-01,4.274716591064218855e-03,-5.386205833845589819e-01,4.219678997635719497e+02
-5.407514981346300154e+00,-6.149346658841055913e+00,3.795506767900814094e+00,8.813020021915288771e-01,3.561979836330533312e-03,-4.725379278180549258e-01,4.228373710671287995e+02
-6.109346455095746364e+00,-4.451052721734675366e+00,3.411091991276316016e+00,7.981303173195867240e-01,-2.607409695361943835e-02,-6.019187138159963757e-01,4.298558814157790948e+02
-6.761608451949626009e+00,-3.122029068825863174e+00,3.128287840938907660e+00,6.953763186368377980e-01,-5.507043293778668414e-02,-7.165312434874262504e-01,4.368743917644293902e+02
-7.054461756609349266e+00,-2.585611228000261885e+00,2.996363643971436286e+00,5.755610592833555472e-01,-8.271560757972019895e-02,-8.135635164493516536e-01,4.410677709640517037e+02
-7.426697025343172776e+00,-2.242748151729096584e+00,2.709438617536785721e+00,5.318123562593896070e-01,2.492959712462092248e-02,-8.464940241389473652e-01,4.469065079916737773e+02
-7.955694362860644020e+00,-2.552527759398246054e+00,2.000219422828832361e+00,6.961056321273763059e-01,8.628103716607264662e-03,-7.178861363384214656e-01,4.539250183403240726e+02
-8.570900811241669359e+00,-3.338971972450196724e+00,8.919343896659355231e-01,8.299107831899490417e-01,-8.051280807605830370e-03,-5.578362383554993364e-01,4.609435286889743679e+02
-9.135533235914996553e+00,-4.021951841726127519e+00,-4.517507106295645669e-01,9.273674371585430842e-01,-2.437803469291200537e-02,-3.733541856235366718e-01,4.679620390376246633e+02
-9.258179736074522381e+00,-4.136763535212795162e+00,-8.044981341340805558e-01,9.842071872785732589e-01,-3.963708045531139784e-02,-1.725198955540807599e-01,4.697030094220715455e+02
-9.547393965679480843e+00,-4.334503332996642477e+00,-2.229734960207601979e+00,9.929610771073505981e-01,1.313779168613785076e-02,-1.177017322273208599e-01,4.767215197707218408e+02
-9.455514642727758101e+00,-4.334892050803872188e+00,-3.350907635381802585e+00,9.958894028383941111e-01,6.583558651935797479e-02,-6.219302896005782927e-02,4.822949598108953637e+02
-8.982890434929631240e+00,-4.244348099806404484e+00,-4.519549609360863585e+00,8.804117222721036251e-01,-6.961045084319048178e-03,-4.741568760837428509e-01,4.893134701595456590e+02
-8.756605541894597167e+00,-4.129356840982851828e+00,-4.844715145027426395e+00,5.991093517178815997e-01,-7.844656945374055279e-02,-7.968137300680981916e-01,4.919358046918497962e+02
-7.981874243191111162e+00,-3.316785326633848729e+00,-5.255835080474191123e+00,4.283850955629816548e-01,-2.590268972527794422e-01,-8.656727305394015248e-01,4.989543150405000915e+02
-6.641309865400775614e+00,-2.051283555535721170e+00,-5.152990942858347800e+00,2.291742445532593542e-01,-4.223824992736611716e-01,-8.769664702491927200e-01,5.059728253891503869e+02
-5.006308275306710520e+00,-8.751041799368763918e-01,-4.973780525814644804e+00,1.472383599107921111e-02,-5.576506365642402985e-01,-8.299439596705755484e-01,5.129913357378006822e+02
-4.030969212821725378e+00,-1.986870622676095988e-01,-4.920366587428157246e+00,-2.007057085557217846e-01,-6.558363039786134774e-01,-7.277320667230796625e-01,5.177964010943760513e+02
-2.930656364134620162e+00,7.085549652302712831e-01,-4.948395858968393846e+00,-2.016285335875078466e-01,-8.672527602332931185e-01,-4.552104835256187698e-01,5.248149114430262898e+02
-2.115353976685383497e+00,1.742325872672642495e+00,-5.014044092305332434e+00,-1.785644200665983394e-01,-9.754955979509719599e-01,-1.285343777559630751e-01,5.318334217916765283e+02
-1.648702098148924211e+00,2.565785269257245371e+00,-5.035490762313758140e+00,-1.342572076185067631e-01,-9.676876352965388950e-01,2.134329934591823741e-01,5.364701734136885989e+02
-1.044825327332860709e+00,3.956963764534933592e+00,-5.037901827086746387e+00,-1.011714015484675294e-01,-8.606612203273764639e-01,4.990236580904243158e-01,5.434886837623388374e+02
-6.535516272517122305e-01,5.368496050094961447e+00,-5.047583709344829472e+00,-5.856420414501715271e-02,-6.726366770438663156e-01,7.376504149588279935e-01,5.505071941109890759e+02
-5.736369536528378443e-01,6.559614054926488969e+00,-5.129444459704216364e+00,-1.044543936615605073e-02,-4.213092676935248915e-01,9.068557734020264993e-01,5.575257044596393143e+02
-6.722570425876909228e-01,7.268267638476502590e+00,-5.224492172057257910e+00,3.865636871952144588e-02,-1.303317566228928970e-01,9.907155587621557791e-01,5.627246685012754597e+02
-5.318156662489194053e-01,8.299828746061791662e+00,-5.150553541878035269e+00,2.512461518137206655e-04,-7.906782770630525758e-02,9.968682036681687508e-01,5.697431788499256982e+02
-3.760289433108599533e-01,8.670743497711493220e+00,-5.056946494709104734e+00,-3.815491731348268079e-02,-2.747649344053141110e-02,9.988930095760636396e-01,5.719118072143065774e+02
4.915946120044125123e-01,1.009276920013513212e+01,-4.505641578437153960e+00,-1.261379933163445377e-01,-1.427814861777469413e-01,9.816825626678941097e-01,5.789303175629568159e+02
1.545316149043300724e+00,1.141928899321575486e+01,-3.830052464767467857e+00,-2.114302111147728369e-01,-2.550405673096723391e-01,9.435303783417045009e-01,5.859488279116070544e+02
2.181839917521442906e+00,1.159635069367068283e+01,-3.644941386359617397e+00,-2.922120951408759826e-01,-3.618589970261886779e-01,8.852503361895875944e-01,5.929673382602572929e+02
2.281583232588104693e+00,1.132350064745893015e+01,-3.735844477017851606e+00,-3.667603823691272802e-01,-4.609580931982085739e-01,8.080856750607443573e-01,5.953434600765066307e+02
2.401506681345197070e+00,9.869879437518710219e+00,-4.198737161003323948e+00,-4.861798046654465799e-01,-2.392374927873790469e-01,8.404716649478677359e-01,6.023619704251568692e+02
2.586275208010339721e+00,8.101306855981114552e+00,-4.448684352806625775e+00,-5.742551990630034853e-01,-2.093297155959618957e-03,8.186724524839577022e-01,6.093804807738071077e+02
3.239883034658024297e+00,7.014060985054203279e+00,-3.927994054951300829e+00,-6.253083784229838127e-01,2.351858957904065239e-01,7.440934257839457722e-01,6.163797405699006049e+02
4.212512173916509006e+00,6.636830161304919429e+00,-2.920262654955675607e+00,-7.474012199091147890e-01,1.817303811002849157e-01,6.390332425330736976e-01,6.233982509185508434e+02
5.044163136212175935e+00,6.539418664773467782e+00,-2.135785436695305517e+00,-8.479675013693184216e-01,1.230407078595684017e-01,5.155677461107547321e-01,6.304167612672010819e+02
5.395405447172921143e+00,6.467913207885168880e+00,-1.933814475825192281e+00,-9.241107701041139100e-01,6.080722311872763242e-02,3.772529207210988944e-01,6.353740428898266828e+02
5.500867518086957730e+00,6.261595170708030622e+00,-2.146609096408260253e+00,-9.035060228415660033e-01,-1.635901883666553841e-02,4.282607257141570756e-01,6.423925532384769213e+02
5.167045073039195024e+00,5.923336799908216932e+00,-2.791579865029373053e+00,-8.747868975864018237e-01,-9.337832083050520704e-02,4.754223101703039522e-01,6.494110635871271597e+02
4.498448423864044976e+00,5.459379324878772977e+00,-3.574043417724191318e+00,-8.382113170068608010e-01,-1.695589915704263373e-01,5.183141290923608535e-01,6.564295739357773982e+02
4.489538809609532777e+00,5.453603126963661119e+00,-3.582594684689937026e+00,-7.941077549606840869e-01,-2.442168707905001124e-01,5.565509801714313420e-01,6.565067645609104829e+02
3.591077207140088490e+00,4.867640862954909942e+00,-4.206206121957450250e+00,-7.627465349544579887e-01,-4.221777355311390756e-01,4.898792535279966054e-01,6.635252749095607214e+02
2.567780102012661825e+00,4.160426575994431886e+00,-4.374686681925547660e+00,-7.030883554177408401e-01,-5.844762903155207301e-01,4.050336165498969465e-01,6.705437852582109599e+02
1.431824948815988874e+00,3.357878414204808148e+00,-3.991737121755320139e+00,-6.173464651706703776e-01,-7.250914819959689561e-01,3.051617352793053461e-01,6.775622956068611984e+02
1.292104247087078744e-02,2.541735901702420808e+00,-3.357771426262015968e+00,-5.087017730757392719e-01,-8.388066767298130166e-01,1.939687220751763475e-01,6.845808059555114369e+02
-4.008101194910969611e-01,2.343502097599652334e+00,-3.200632265547119992e+00,-3.811848449783346027e-01,-9.214031826567100625e-01,7.557968608757612006e-02,6.863459153387550487e+02
-2.432021991564968566e+00,1.654950139372681095e+00,-2.897042772977392655e+00,8.627759812258960215e-02,-8.781086959901933664e-01,4.706158668051192429e-01,6.933644256874052871e+02
-4.559200073139677123e+00,1.119374609683420285e+00,-2.897042178390006661e+00,5.212609369976597407e-01,-5.042501694487728781e-01,6.884887814418557683e-01,7.003829360360555256e+02
-5.116544009402166360e+00,9.648748511570437447e-01,-2.897042020835626452e+00,7.600155460407671537e-01,5.943326479890052166e-02,6.471800806669867345e-01,7.026406468746947667e+02
-5.783394842783012635e+00,5.315931266223190566e-01,-3.434003144766706317e+00,5.846115637937694398e-01,-6.845145928807112590e-01,4.355078548228596969e-01,7.096591572233450051e+02
-5.507159544133781282e+00,3.595407416178884596e-01,-4.614529856451721201e+00,4.146857109091494492e-02,-9.978813044435235202e-01,-5.011247204321459675e-02,7.157224089935780285e+02
-5.320686831492036362e+00,5.772747974835995555e-01,-6.476257333603336441e+00,-7.143090806970894130e-03,-9.973088962362391952e-01,7.295163973179855099e-02,7.227409193422282669e+02
-5.166008576808631680e+00,9.772786450794574975e-01,-8.435530964604886606e+00,-5.562967908731079880e-02,-9.792753784980137155e-01,1.947384704417808310e-01,7.297594296908785054e+02
-4.776842596703611221e+00,1.166385781004600997e+00,-9.842853259021527634e+00,-1.031423000824406438e-01,-9.440964789689537673e-01,3.131158001913982858e-01,7.355654455436230137e+02
-4.018143586259411926e+00,1.084080203710461543e+00,-1.117205771101808587e+01,-1.595836727720710280e-01,-8.681141415662640970e-01,4.700094558596761840e-01,7.425839558922732522e+02
-3.162840917483219272e+00,6.349635700361787594e-01,-1.210286247255103653e+01,-2.106670735686223261e-01,-7.629852150819660395e-01,6.111226928209717579e-01,7.496024662409234907e+02
-2.491127905416198551e+00,-1.730737455171558192e-01,-1.268384329935368804e+01,-2.546774050456087624e-01,-6.322393616991871523e-01,7.317177111959528579e-01,7.566209765895737291e+02
-2.282821863563830878e+00,-1.325102970483006182e+00,-1.296362368124497699e+01,-2.901370429352845282e-01,-4.802663072718166837e-01,8.277455952263030881e-01,7.636394869382239676e+02
-2.638637309419018084e+00,-2.556739757286385473e+00,-1.301127456281070316e+01,-3.158554444027847352e-01,-3.121684647803530943e-01,8.959822475015069010e-01,7.696673601813268988e+02
-3.934087665750748641e+00,-4.248012707090990325e+00,-1.288771768950008223e+01,-1.856003682452417314e-01,-1.440778393620593678e-01,9.720041561178733858e-01,7.766858705299771373e+02
-5.190809838575067836e+00,-5.388874787206368033e+00,-1.265941864749801304e+01,-4.587961545375125738e-02,3.136080386099635020e-02,9.984535847323681157e-01,7.812348674731907749e+02
-6.919694363969206563e+00,-6.709447527320033799e+00,-1.174652710391176669e+01,1.218131957383241926e-01,4.374911602376742592e-01,8.909326742566464619e-01,7.882533778218410134e+02
-7.996501222031272782e+00,-7.465062560394549074e+00,-1.024777470740028740e+01,2.645801350690978326e-01,7.541004090453973241e-01,6.011055857372281652e-01,7.952718881704912519e+02
-8.299609161209085428e+00,-7.997517587120670512e+00,-8.692077812999292163e+00,3.532076361905139295e-01,9.164026392891465589e-01,1.882779021575356759e-01,8.022903985191414904e+02
-7.860580746933224283e+00,-8.522921150354257236e+00,-7.478803122033320427e+00,3.695603988362008430e-01,8.911869625858760413e-01,-2.630758623087144366e-01,8.091169046551120800e+02
-6.877674196982193067e+00,-9.077440559099263950e+00,-6.611408022803241913e+00,3.454766309588478412e-01,9.253878610920907022e-01,-1.558884344776667319e-01,8.161354150037623185e+02
-5.675583562239764568e+00,-9.534984639568319764e+00,-6.053824293123983402e+00,3.168191391641657084e-01,9.473376383064580075e-01,-4.663723948239117956e-02,8.231539253524125570e+02
-4.582346332559549040e+00,-9.773366561002749364e+00,-5.723775189192717328e+00,2.839673148224226562e-01,9.567457121021540889e-01,6.323137264052840212e-02,8.301724357010627955e+02
-3.920083892947039406e+00,-9.662135243296926745e+00,-5.538952868984738487e+00,2.473560749022185312e-01,9.534875314501561894e-01,1.722628792782389673e-01,8.371909460497130340e+02
-3.912931090211848595e+00,-9.655893619064105593e+00,-5.536368974095930540e+00,2.074701049761279170e-01,9.376062250913080875e-01,2.790138387430057265e-01,8.373275260892681899e+02
-4.001057906332708747e+00,-9.055095521308931694e+00,-5.413661316145962132e+00,1.903148260422418345e-02,9.818784642466880097e-01,-1.885483601599503012e-01,8.443460364379184284e+02
-4.328757474644971737e+00,-8.568523648100027756e+00,-5.339063452781315000e+00,-1.742808000943153746e-01,7.747072708935013319e-01,-6.078263297550028366e-01,8.479258966730147904e+02
-5.033932759578636507e+00,-7.438534771012808910e+00,-4.685720415043822307e+00,3.169089930151594570e-01,9.068910135439157694e-01,-2.776965604748187211e-01,8.549444070216650289e+02
-5.341929455144497574e+00,-6.362095522021831151e+00,-3.110871815055315182e+00,6.915630532840653100e-01,7.055869548716728890e-01,1.545496439576741488e-01,8.619629173703152674e+02
-5.183611990534804370e+00,-5.877893169272796925e+00,-1.763406657559983159e+00,8.119110534659220724e-01,2.448199566790714710e-01,5.299638007184345190e-01,8.666128459480917172e+02
-4.528100081730497273e+00,-5.740286209356610492e+00,1.466450578905675595e-01,8.924642140298246762e-01,4.502771551701595376e-01,-2.749745821272356686e-02,8.736313562967419557e+02
-3.847607877407537291e+00,-6.183771724835907868e+00,1.805640988412367642e+00,6.522074672476391166e-01,4.938753602921393537e-01,-5.750743848955346404e-01,8.806498666453921942e+02
-3.671091574377959521e+00,-6.762999989384042010e+00,3.226982492056405860e+00,1.775048804328891172e-01,3.599425509558781267e-01,-9.159319720560300526e-01,8.876247268566925186e+02
-3.875295651281492670e+00,-7.113924931711035349e+00,4.417285155064250013e+00,3.411319108182120918e-01,2.276304447253112428e-01,-9.120369510361332477e-01,8.946432372053427571e+02
-4.010149498648417854e+00,-6.906933819827007603e+00,5.339002994906577371e+00,4.896482898937593031e-01,8.523534481946455632e-02,-8.677427546209767195e-01,9.016617475539929956e+02
-3.946280388495161162e+00,-6.487656990590355832e+00,5.771171668881942551e+00,6.164754586789302770e-01,-6.093533553258696778e-02,-7.850113971970604787e-01,9.058064787510287488e+02
-3.525731155660901006e+00,-5.286107795607058790e+00,6.342106778006016299e+00,5.814263757884301498e-01,-1.621152411528713755e-01,-7.972828971726562131e-01,9.128249890996789873e+02
-2.707364357160440438e+00,-3.474427401354153400e+00,6.721715532919455782e+00,5.396231994616506045e-01,-2.614119426732914309e-01,-8.002928206794955868e-01,9.198434994483292257e+02
-1.586009173319852916e+00,-1.217137599966191974e+00,6.975751147818953335e+00,4.915515341593077459e-01,-3.576719676587643559e-01,-7.940062045207113561e-01,9.268620097969794642e+02
-2.639951270151212892e-01,1.323802126450685845e+00,7.169983967888365228e+00,4.377698015667350062e-01,-4.497771195194327776e-01,-7.784960780849961015e-01,9.338805201456297027e+02
1.148878094456361909e+00,3.989161042400609869e+00,7.370192483185658006e+00,3.789027536352105319e-01,-5.366574669044580359e-01,-7.539426148614293277e-01,9.408990304942799412e+02
2.535372365119076044e+00,6.622603017238472667e+00,7.642154341937994033e+00,3.156342151320904454e-01,-6.173037723766378049e-01,-7.206310393317146845e-01,9.479175408429301797e+02
3.770844389332974167e+00,9.070851776865879401e+00,8.051637364300088251e+00,2.486991400127760710e-01,-6.907792160014740723e-01,-6.789483135689453608e-01,9.549360511915804182e+02
4.762503493329921511e+00,1.122494538399452324e+01,8.631384349064063599e+00,1.788750738942646856e-01,-7.562302776789419090e-01,-6.293786420445153240e-01,9.619545615402306566e+02
5.491289915786523146e+00,1.306014674434473299e+01,9.348102390458262079e+00,1.069731218048778632e-01,-8.128966518212019654e-01,-5.724978468693663336e-01,9.689730718888808951e+02
5.976599543981451212e+00,1.459293063906450527e+01,1.013547362971253207e+01,3.382852612764811889e-02,-8.601200792210134116e-01,-5.089666788128039965e-01,9.759915822375311336e+02
6.238369084036419210e+00,1.583923110108616328e+01,1.092717051715059284e+01,-3.970903582051998892e-02,-8.973519935329536956e-01,-4.395231417997236267e-01,9.830100925861813721e+02
6.297069423891660911e+00,1.681442970101439016e+01,1.165686486771122432e+01,-1.127853218776160987e-01,-9.241598935567516548e-01,-3.649739200422149610e-01,9.900286029348316106e+02
6.207316464563499281e+00,1.746702366587507527e+01,1.219933735064569902e+01,-1.845514481507011528e-01,-9.402323673094347134e-01,-2.861850073815787598e-01,9.961494440131456258e+02
5.963356753465880011e+00,1.800146218872979631e+01,1.265164103030700993e+01,-1.957900347604633606e-01,-9.192707737847747307e-01,-3.414754848482703942e-01,1.003167954361795864e+03
5.578487004861348630e+00,1.830545514641483251e+01,1.285151750934399928e+01,-2.063193236174008516e-01,-8.949789070388532997e-01,-3.955288771461042963e-01,1.010186464710446103e+03
5.075180536119995089e+00,1.839212924700626672e+01,1.273272039419840773e+01,-2.161011707762483525e-01,-8.674447700750067547e-01,-4.481493666821276811e-01,1.017204975059096341e+03
4.476410990694622782e+00,1.827400351812637069e+01,1.222904676189523165e+01,-2.251001399382904777e-01,-8.367681109445147536e-01,-4.991463267470452880e-01,1.024223485407746693e+03
3.805645095977803205e+00,1.796297835743006388e+01,1.127434620360515716e+01,-2.332836307946124788e-01,-8.030600614363923029e-01,-5.483350119479677431e-01,1.031241995756397046e+03
3.086835321320807068e+00,1.747032471971608558e+01,9.802529862784290060e+00,-2.406219971017417025e-01,-7.664427345564112093e-01,-5.955372273462651300e-01,1.038260506105047398e+03
2.344412437118544634e+00,1.680667344249926032e+01,7.747579467027225775e+00,-2.470886540626097694e-01,-7.270487822497970765e-01,-6.405819738809970243e-01,1.045279016453697750e+03
1.680511287286149402e+00,1.608488429094442651e+01,5.395883775396642434e+00,-2.526601746244816482e-01,-6.850209149663059049e-01,-6.833060677440949693e-01,1.051544555969296880e+03
9.598059535613435722e-01,1.514035681373953679e+01,2.119874755725893234e+00,-5.103569728125451066e-01,-7.023106379398124099e-01,-4.962796874120452562e-01,1.058563066317947232e+03
7.576039130731039295e-01,1.400230849373222775e+01,-1.630397265408810803e+00,-7.161579013042265185e-01,-6.481853954045252442e-01,-2.587886272284857236e-01,1.065581576666597584e+03
1.714641031568599150e+00,1.264292506142755812e+01,-5.242228209870637201e+00,-8.491358079621078581e-01,-5.281488449429702081e-01,5.017690760560664792e-03,1.072600087015247937e+03
3.364569072885843504e+00,1.122877536070783933e+01,-8.242965326968107576e+00,-8.957685981483873849e-01,-3.544069804924418476e-01,2.683138288425225282e-01,1.079618597363898289e+03
4.789229205021967140e+00,9.979171208527230164e+00,-1.046575246629357991e+01,-8.513143594884985399e-01,-1.446269640805130097e-01,5.043261866972211793e-01,1.086637107712548641e+03
5.730485913364259609e+00,8.945102075453732482e+00,-1.191586432741213031e+01,-7.202935670445077543e-01,7.985945491828674858e-02,6.890556180266480535e-01,1.093655618061198993e+03
6.002466552820491685e+00,8.577403484520566224e+00,-1.232726723041533212e+01,-5.160293180627044674e-01,2.962251756829390459e-01,8.037178535976299276e-01,1.096450310686425610e+03
6.472806149137262821e+00,7.734347424505721769e+00,-1.300747145065118104e+01,-5.229984503111394512e-01,2.377104031791741900e-01,8.185135216917452938e-01,1.103468821035075962e+03
6.617903084923351109e+00,7.007657652754819111e+00,-1.313431734002231011e+01,-5.280369507974962406e-01,1.783181374271533282e-01,8.302876733137588561e-01,1.110487331383726314e+03
6.500054189991628206e+00,6.353882471609638927e+00,-1.279938876203882359e+01,-5.311262207861350282e-01,1.182676215323900659e-01,8.389968458166942034e-01,1.117505841732376666e+03
6.179209740715549515e+00,5.728033277778188825e+00,-1.209433259763978796e+01,-5.322548568497902366e-01,5.778052826481182985e-02,8.446088905008892755e-01,1.124524352081027018e+03
5.712956736449890549e+00,5.083637228801053176e+00,-1.111084622871998917e+01,-5.314186929466914178e-01,-2.919858159510923135e-03,8.471030912557601100e-01,1.131542862429677371e+03
5.156502671814730654e+00,4.372790216909550054e+00,-9.940665016620471306e+00,-5.286208157896381543e-01,-6.360946623951234391e-02,8.464702410117613818e-01,1.138561372778327723e+03
4.562659806794203021e+00,3.546210141127303039e+00,-8.675549776879169173e+00,-5.238715534504413407e-01,-1.240642642537967688e-01,8.427126757207492602e-01,1.145579883126978075e+03
3.981829936593312969e+00,2.553290468309358463e+00,-7.407274251304857948e+00,-5.171884372418319442e-01,-1.840610871787343450e-01,8.358442657395548370e-01,1.152598393475628427e+03
3.461989663147452490e+00,1.342154073905731826e+00,-6.227612578587120140e+00,-5.085961370172946694e-01,-2.433784604104359262e-01,8.258903646483513050e-01,1.159616903824278779e+03
3.048676169778451239e+00,-1.402926467349350503e-01,-5.228326765061085624e+00,-4.981263701271208544e-01,-3.017974172527391197e-01,8.128877156920739644e-01,1.166635414172929131e+03
2.834988212776941907e+00,-1.306056467783479613e+00,-4.673011495752025901e+00,-4.858177843659635120e-01,-3.591023071561518232e-01,7.968843161891450144e-01,1.171416650261072618e+03
2.656695670649848129e+00,-3.291870483927439750e+00,-4.119059459185326233e+00,-5.394156176991857787e-01,-2.282464735351746321e-01,8.105136264734315032e-01,1.178435160609722971e+03
2.658974426552030312e+00,-5.505192359956407877e+00,-3.879254990884303034e+00,-5.821270795280822918e-01,-9.278424552884798060e-02,8.077853347640483461e-01,1.185453670958373323e+03
2.724803420008449883e+00,-6.924405246391159174e+00,-3.794560393611614124e+00,-6.130901937188837358e-01,4.455056631700603925e-02,7.887545000849368604e-01,1.190133528200938372e+03
3.018215429185456600e+00,-8.377386715916337323e+00,-3.460090877088341621e+00,-6.657915875917664872e-01,5.656260260745343826e-02,7.439894044050703314e-01,1.197152038549588724e+03
3.327083425368827729e+00,-8.727936284808340162e+00,-3.128669109388051428e+00,-7.152135253299868323e-01,6.829603131748591960e-02,6.955596777268951980e-01,1.200828234387649445e+03
3.990599943079628176e+00,-8.546261840975320823e+00,-2.394427108849074060e+00,-7.266135791484873430e-01,7.887468111678110072e-02,6.825023745229872318e-01,1.207846744736299797e+03
4.197167643674824866e+00,-8.124820068532450534e+00,-2.109758678596103554e+00,-7.377140044752823478e-01,8.942080599782478711e-02,6.691636324614478326e-01,1.211313378967863855e+03
3.821890179176755886e+00,-7.296898880766436335e+00,-2.365886040657414036e+00,-8.960985924891515797e-01,2.939836541947199455e-01,3.325340938994679196e-01,1.218331889316514207e+03
3.274869696977649181e+00,-6.878170712711583867e+00,-3.094406618428534816e+00,-8.929601183842277301e-01,4.455555210046751036e-01,-6.403518312123183953e-02,1.222970356361650374e+03
2.803311417862351274e+00,-6.566795037788641487e+00,-4.215457511836621762e+00,-9.005006631766747649e-01,4.292294433208684312e-01,6.970394961868821293e-02,1.228714490883405915e+03
2.103721279103582198e+00,-6.328146186239703930e+00,-5.652415901805868614e+00,-8.119104522275859548e-01,4.905050946243699750e-01,3.165504220683790226e-01,1.235733001232056267e+03
1.035596637152738086e+00,-6.138243382645367952e+00,-6.949565649957039071e+00,-6.644273121666298687e-01,5.162013416913472375e-01,5.404354926202425968e-01,1.242751511580706619e+03
-1.741520938908677762e-01,-6.046329073150165989e+00,-7.943574777069595250e+00,-4.687491191829799564e-01,5.044542836822686338e-01,7.251193963344247928e-01,1.249770021929356972e+03
-1.301227112577967082e+00,-6.107373825313766602e+00,-8.471152687979028428e+00,-2.390696224594189845e-01,4.561160080607898903e-01,8.572058695601393330e-01,1.256788532278007324e+03
-1.925724548611084996e+00,-6.240060629418765714e+00,-8.539502489025796450e+00,7.951106778001993877e-03,3.746927835453489064e-01,9.271138537744394448e-01,1.261412351612740167e+03
-2.206668335844501172e+00,-6.326857297090727528e+00,-8.511208125779978317e+00,-2.531027073060220303e-02,3.212837076886084775e-01,9.466436337616900287e-01,1.263778699238164108e+03
-2.733853031988096483e+00,-6.612366379657968807e+00,-8.130645158981776532e+00,9.350880337187666980e-02,2.378769581772933739e-01,9.667826314428329404e-01,1.270797209586814461e+03
-2.860999813226884125e+00,-6.949120901973535602e+00,-7.288409370821659294e+00,2.103192528339737077e-01,1.493605679623545845e-01,9.661548698964963489e-01,1.277815719935464813e+03
-2.882419155670368660e+00,-7.346916308057469536e+00,-6.096265125718423050e+00,3.226119850744744166e-01,5.763587503651920046e-02,9.447738422471204656e-01,1.284834230284115165e+03
-2.950246720606247042e+00,-7.635662917451324638e+00,-5.195502831939696087e+00,4.279749458037364618e-01,-3.532687077388087238e-02,9.030988085279515465e-01,1.289407388658835544e+03
-3.380047605620531304e+00,-8.122092866595968630e+00,-3.715161315932128172e+00,4.722531827715811259e-01,6.357714302694741360e-01,6.105486219915329249e-01,1.296425899007485896e+03
-3.783973483439999619e+00,-8.392120060528673875e+00,-2.902230738041771119e+00,2.624968561141193257e-01,9.648754610966635559e-01,-1.042809206225961058e-02,1.300178890579697281e+03
-4.437745388572108318e+00,-8.700031238599875039e+00,-1.670401295713704881e+00,6.350467900317112446e-02,9.974088530384215279e-01,-3.377477791426118647e-02,1.307197400928347633e+03
-4.529130865568844477e+00,-8.723118899686568284e+00,-1.484967496980579948e+00,-1.381039649730631258e-01,9.888475484242156277e-01,-5.572989172448730710e-02,1.308597515293951574e+03
-4.154570893502876672e+00,-8.856037927169673196e+00,-1.314680214626463339e+00,-5.509774450497498949e-02,9.982458640579616738e-01,-2.162020899811194219e-02,1.315616025642601926e+03
-2.895103456400801356e+00,-9.056934679083882500e+00,-2.080997562345045182e+00,2.835705661310617895e-02,9.995166144517365625e-01,1.266549527836086965e-02,1.322634535991252278e+03
-2.503977735184802711e+00,-9.130578472228094711e+00,-2.367580576618852461e+00,1.115809985340948662e-01,9.926494534815206716e-01,4.684808708993638826e-02,1.324714947361491113e+03
-1.401796587940373096e+00,-9.471379710666980145e+00,-3.253221854078526931e+00,5.587713018782588387e-02,8.686163482002073888e-01,4.923224410504823956e-01,1.331733457710141465e+03
-5.877842856637792712e-01,-1.003575327730681011e+01,-3.963073055560461189e+00,-1.194843575328705977e-02,5.561500170980401281e-01,8.309948215034300700e-01,1.338751968058791817e+03
-2.512679910828385932e-01,-1.038674228033506353e+01,-4.239774641040382264e+00,-7.718197135798865460e-02,1.230352990721210044e-01,9.893954004744711650e-01,1.342083702606275665e+03
4.298130890814280680e-01,-1.127989078363618347e+01,-4.659327493209517890e+00,-5.108038657958319934e-02,2.574528986255682494e-01,9.649387540643491468e-01,1.349102212954926017e+03
1.105413668412146722e+00,-1.235765795715945714e+01,-4.781242198306149049e+00,-2.399052753162622328e-02,3.868893874313190651e-01,9.218129183738777988e-01,1.356120723303576369e+03
1.838047265056823143e+00,-1.352119108179842932e+01,-4.555727512984971916e+00,3.563489523550631647e-03,5.088405189509367377e-01,8.608522682872028486e-01,1.363139233652226721e+03
2.653101940513415524e+00,-1.462979152021764584e+01,-3.974699299687324494e+00,3.104856838395625776e-02,6.209468628498463483e-01,7.832362222962844234e-01,1.369872217111204918e+03
3.379877763258577694e+00,-1.557440358883504139e+01,-3.154942695294065569e+00,3.223524931957733736e-02,6.997589846789761259e-01,7.136499506451088326e-01,1.376890727459855270e+03
3.526080160090923510e+00,-1.596004596207582971e+01,-2.685502495687804636e+00,3.306556860653057234e-02,7.708352500812326591e-01,6.361742571008717206e-01,1.381659299153875736e+03
2.748856825182540042e+00,-1.597203680482505916e+01,-2.481963507027049598e+00,-5.181942792810503851e-02,7.461247550525937910e-01,6.637850531491634731e-01,1.388677809502526088e+03
1.010498119386431748e+00,-1.554402399726106587e+01,-2.717984619052445261e+00,-1.362598744400289053e-01,7.150136784106021492e-01,6.857016015008070564e-01,1.395696319851176440e+03
-9.283712025313100025e-01,-1.526884380114569240e+01,-2.918728403797155924e+00,-2.195314241209989914e-01,6.777688993999333444e-01,7.017358996281485295e-01,1.402714830199826793e+03
-1.635861613597883846e+00,-1.526971242170225729e+01,-2.929633719673866210e+00,-3.009197563201456149e-01,6.347099089701897512e-01,7.117503998651706354e-01,1.405450117634733260e+03
-3.232909078155750127e+00,-1.555233029262267586e+01,-2.752479359100818090e+00,-1.479206578483207579e-01,7.427199649194761166e-01,6.530578325781722926e-01,1.412468627983383612e+03
-4.565539853748506793e+00,-1.612845588925114271e+01,-2.334925429325225288e+00,1.077627773804729766e-02,8.221205888741853762e-01,5.692096355362983306e-01,1.419487138332033965e+03
-5.813714312596907519e+00,-1.665764316847560522e+01,-1.871088611750976183e+00,1.690581111811262915e-01,8.698533133717474275e-01,4.634356139314936285e-01,1.426505648680684317e+03
-6.674316281130054485e+00,-1.688035891305123926e+01,-1.592957191369606118e+00,3.208278933242746933e-01,8.840794856023306281e-01,3.398101322826183601e-01,1.431299089696804913e+03
-7.924774394031489422e+00,-1.691759279457884446e+01,-1.264555052619377395e+00,4.687736274428720984e-01,8.244585240049709940e-01,3.170448365923915768e-01,1.438317600045455265e+03
-9.078878109383898831e+00,-1.656659403146236187e+01,-1.009176572078374745e+00,6.045495503244224800e-01,7.434338840511987012e-01,2.860487742457887839e-01,1.445336110394105617e+03
-1.003005872144755273e+01,-1.583225006011879010e+01,-7.823519755762673444e-01,7.246308118824373867e-01,6.431090403215903306e-01,2.476266317012837670e-01,1.452354620742755969e+03
-1.067185721448574931e+01,-1.472209124101014588e+01,-5.396075848887693649e-01,8.259000072648098323e-01,5.260885100975019046e-01,2.027758800839522535e-01,1.459373131091406322e+03
-1.089795297062247315e+01,-1.324628835045652586e+01,-2.364718933135468715e-01,9.057281036031432642e-01,3.954102399126904754e-01,1.526608807650699229e-01,1.466391641440056674e+03
-1.087326910263015023e+01,-1.254581484993778950e+01,-8.917309788885695310e-02,9.620426897554349432e-01,2.544667413545836365e-01,9.858265888401766819e-02,1.469308409524450553e+03
-1.045494143677527177e+01,-1.065853909681528222e+01,3.480387875055032110e-01,9.980590666934976429e-01,-3.940110766073940535e-02,4.820427476326240301e-02,1.476326919873100906e+03
-9.868136662917693869e+00,-9.423005707306058909e+00,7.248762914474504715e-01,9.440568446495366528e-01,-3.297152404425897076e-01,-6.521831735626126489e-03,1.480989963168976146e+03
-8.578399226954793733e+00,-8.652248889777885310e+00,1.494656143605627818e+00,9.617272838104345967e-01,-2.010777519842180949e-01,-1.861353519138753965e-01,1.488008473517626499e+03
-6.971478394913345866e+00,-9.346116243887843567e+00,2.500200556349241765e+00,9.321567585594930927e-01,-6.256314585523310712e-02,-3.566057069834646653e-01,1.495026983866276851e+03
-5.392364511718652942e+00,-1.086174767618158832e+01,3.631493108958651295e+00,8.567978132989929607e-01,7.902461050875275728e-02,-5.095592390102288149e-01,1.502045494214927203e+03
-4.155261030870958550e+00,-1.254805488399976099e+01,4.778500204367541748e+00,7.393521549270818394e-01,2.167305986774679949e-01,-6.374827359248850245e-01,1.509064004563577555e+03
-3.432307605763949887e+00,-1.391236295585292915e+01,5.845800179834629517e+00,5.855888202755468175e-01,3.437905776870651131e-01,-7.340924820910080806e-01,1.516082514912227907e+03
-3.180671687893166677e+00,-1.461321430914101960e+01,6.522141657645204482e+00,4.030607986191958592e-01,4.539632457007010125e-01,-7.946429161390087259e-01,1.520992770319711099e+03
-3.027357678275169661e+00,-1.525716533808706998e+01,7.344504180703630425e+00,3.945474677998762614e-01,4.686858557134624959e-01,-7.903567955558677971e-01,1.528011280668361451e+03
-3.002391906721547432e+00,-1.542720828052806503e+01,7.933376548950066720e+00,3.859127751615352153e-01,4.832642923981541050e-01,-7.858275597322064154e-01,1.535029791017011803e+03
-2.920184895669771574e+00,-1.513595642100813521e+01,8.237257819508428724e+00,3.771593746561663352e-01,4.976940750763571564e-01,-7.810566008410633199e-01,1.542048301365662155e+03
-2.893934153870829640e+00,-1.505098455629028464e+01,8.260615391960790532e+00,3.682899566369707278e-01,5.119707686545138525e-01,-7.760453851791323521e-01,1.543187414487395245e+03
-2.547140889064727798e+00,-1.430573661609777680e+01,8.214671964912435342e+00,3.578240309818520037e-01,2.969804007948850244e-01,-8.853036791950761319e-01,1.550205924836045597e+03
-1.745120592035960483e+00,-1.314167938508419375e+01,7.772515736268990061e+00,3.265084564613959239e-01,6.468561707043407605e-02,-9.429771995144646812e-01,1.557224435184695949e+03
-3.045344742548918848e-01,-1.158597722956332454e+01,6.882789646508892467e+00,2.761679241369522364e-01,-1.713782653368544073e-01,-9.457054339743998783e-01,1.564242945533346301e+03
1.749744506969503455e+00,-9.793684727702151704e+00,5.634246100889012787e+00,2.097356669441710064e-01,-3.974563100224545176e-01,-8.933294082450456974e-01,1.571261455881996653e+03
3.969302804349703617e+00,-8.163987387509541449e+00,4.395783210069154734e+00,1.310825485220626085e-01,-6.003754272075306764e-01,-7.889009518810857768e-01,1.578279966230647005e+03
5.093827999778603122e+00,-7.449466433866632542e+00,3.839730877798047448e+00,4.479151843719225007e-02,-7.683119402365009565e-01,-6.385048804563582259e-01,1.582168065685727697e+03
5.943753482035346813e+00,-6.961379815423856421e+00,3.463234592364234476e+00,-3.376364849144800756e-02,-8.085116201191867580e-01,-5.875091285721907308e-01,1.585342279374474174e+03
7.736742051875666881e+00,-6.222570208931361257e+00,2.949551298221966711e+00,-1.491897787439342982e-01,-8.313564409350917561e-01,-5.353380969386992705e-01,1.592360789723124526e+03
9.386490809858306861e+00,-5.973502309219738571e+00,2.907789243225328946e+00,-2.621442716114196769e-01,-8.404282398234311779e-01,-4.742981705305538975e-01,1.599379300071774878e+03
1.077550497290371112e+01,-6.154467489292334115e+00,3.281951800615315662e+00,-3.707558303209302908e-01,-8.355767318750026984e-01,-4.054005913071724310e-01,1.606397810420425230e+03
1.178896031222046403e+01,-6.702875935048711931e+00,4.015985521468397046e+00,-4.732251072057766517e-01,-8.168822934119950308e-01,-3.297867744772004506e-01,1.613416320769075583e+03
1.231473416852913161e+01,-7.553316131609308925e+00,5.053787789238329609e+00,-5.678545110383577121e-01,-7.846546301732605366e-01,-2.487093999851039128e-01,1.620434831117725935e+03
1.237911040288764575e+01,-7.834200285197348457e+00,5.388939423328134914e+00,-6.530763289404987182e-01,-7.394276470752276786e-01,-1.635116611073091086e-01,1.622419288190083535e+03
1.224063943861804660e+01,-8.928392402231962066e+00,6.685815223311993627e+00,-5.785734897845092872e-01,-6.518483366042550076e-01,-4.902493885620352598e-01,1.629437798538733887e+03
1.143738376692265568e+01,-1.014099919882282208e+01,8.026759644254322978e+00,-4.346542297941664024e-01,-4.860611940764114070e-01,-7.581676701994676248e-01,1.636456308887384239e+03
1.007145137586666728e+01,-1.132191548502616918e+01,8.961106781426360968e+00,-2.385857707771921465e-01,-2.619571176598219919e-01,-9.351220767849446336e-01,1.643474819236034591e+03
9.457374941617517905e+00,-1.173632994880384217e+01,9.151784503360570255e+00,-1.389210878710932066e-02,-6.423774427247409477e-03,-9.998818652400965901e-01,1.646117232088457740e+03
7.730029089033962464e+00,-1.269802361931581736e+01,9.066906597566847026e+00,-4.514936614634550149e-02,1.698143308525557338e-01,-9.844402611505019829e-01,1.653135742437108092e+03
6.046107435070037894e+00,-1.345322021715045580e+01,8.140770154567629646e+00,-7.494940610398824477e-02,3.405715895759550693e-01,-9.372254685500467364e-01,1.660154252785758445e+03
4.765733038471050342e+00,-1.407104212375907082e+01,6.740062195146475865e+00,-1.023304234422009462e-01,5.003367592078583614e-01,-8.597613691158916271e-01,1.667172763134408797e+03
4.245896479739778684e+00,-1.462967236166828933e+01,5.231534531843676561e+00,-1.264086876577367458e-01,6.439533709867664157e-01,-7.545481427184705936e-01,1.674191273483059149e+03
4.647913021816042267e+00,-1.516430186750675624e+01,3.870883993443169580e+00,-1.464070647921847934e-01,7.667861516886071982e-01,-6.249815748946975225e-01,1.681209783831709501e+03
4.765195301302972197e+00,-1.523521395803713929e+01,3.700712952938337352e+00,-1.616800991544022625e-01,8.648706252745587131e-01,-4.752434608437888786e-01,1.682166101446910034e+03
5.849005427864658380e+00,-1.567017819184504646e+01,2.519487644537247384e+00,-2.129247081816764420e-01,9.587654114446694242e-01,-1.882284634786839939e-01,1.689184611795560386e+03
7.163937616293431176e+00,-1.587002547776632611e+01,1.431551901711878072e+00,-2.441927124032891860e-01,9.627087926671273888e-01,1.164461237269543703e-01,1.696203122144210738e+03
8.306062380111235655e+00,-1.569742823926110731e+01,3.593345939198183681e-01,-2.525505491501454647e-01,8.763308113588785808e-01,4.101957205866413880e-01,1.703221632492861090e+03
9.006350144586996009e+00,-1.506454019916055920e+01,-7.233566692317798807e-01,-2.372140885098573682e-01,7.077354597170965045e-01,6.654607390913689358e-01,1.710240142841511442e+03
9.230650268524625446e+00,-1.449179886596861344e+01,-1.366254069969891072e+00,-1.996221983816235668e-01,4.727403569733455990e-01,8.582922187708323936e-01,1.714488048499634942e+03
9.363819768423143231e+00,-1.330254746969071888e+01,-2.305303402186595463e+00,-1.661249616680880448e-01,2.675111196499143085e-01,9.491250170420324483e-01,1.721506558848285295e+03
9.227956185020167013e+00,-1.184586274551958596e+01,-3.028502689033930384e+00,-1.240736549833388463e-01,4.850727214209987065e-02,9.910856535583093541e-01,1.728525069196935647e+03
8.929172311177714150e+00,-1.028944975140666607e+01,-3.574800963349098915e+00,-7.563357630231824780e-02,-1.729942877469823059e-01,9.820135124036613039e-01,1.735543579545585999e+03
8.564562474036568673e+00,-8.829262671460792689e+00,-4.038788082809954716e+00,-2.329899081865781027e-02,-3.855880571130566592e-01,9.223757408124703128e-01,1.742562089894236351e+03
8.199282520452255696e+00,-7.602327048871218018e+00,-4.489082405411045862e+00,3.023530235104499725e-02,-5.783272120700188035e-01,8.152431921039037244e-01,1.749580600242886703e+03
7.900220097502113958e+00,-6.744418001883802916e+00,-4.875256028079689052e+00,8.221272874574202250e-02,-7.412872733117352730e-01,6.661323034194162052e-01,1.755554245541648470e+03
7.555992595422880598e+00,-5.913601338095984872e+00,-5.323769430499748267e+00,1.266137261275082637e-02,-6.439172085798033907e-01,7.649890967447531276e-01,1.762572755890298822e+03
7.213663175833646690e+00,-5.248162710829924471e+00,-5.757977247652712016e+00,-5.719502655548529962e-02,-5.310344820857183512e-01,8.454165291576746233e-01,1.769591266238949174e+03
6.869550884213500019e+00,-4.702698000740607398e+00,-6.168553615982163230e+00,-1.256735550534816004e-01,-4.053585453092038993e-01,9.054770053979896982e-01,1.776609776587599526e+03
6.522134029245169273e+00,-4.231755275047805576e+00,-6.546175878380210200e+00,-1.911244897780925434e-01,-2.699170584366892833e-01,9.437235882244390250e-01,1.783628286936249879e+03
6.172050252884154098e+00,-3.789882858338353255e+00,-6.881525856416570441e+00,-2.519710425269334197e-01,-1.279729519328555443e-01,9.592348603447286015e-01,1.790646797284900231e+03
5.822096152331422303e+00,-3.331677400163603586e+00,-7.165291121372965755e+00,-3.067473478610744375e-01,1.705418148611998960e-02,9.516371259429828866e-01,1.797665307633550583e+03
5.477226453614911783e+00,-2.811831931122826145e+00,-7.388166264504196334e+00,-3.541337790702352439e-01,1.616704705985826940e-01,9.211134161745910820e-01,1.804683817982200935e+03
5.144552737198827330e+00,-2.185183899428157606e+00,-7.540854166631761224e+00,-3.929887410731939257e-01,3.023919399693952847e-01,8.683990810855710674e-01,1.811702328330851287e+03
4.833341715842714770e+00,-1.406763179831323152e+00,-7.614067266961775715e+00,-4.223761739647714508e-01,4.358284462440371598e-01,7.947640738675414429e-01,1.818720838679501639e+03
4.555013064731000760e+00,-4.318400464762834901e-01,-7.598528830816007940e+00,-4.415881043378317439e-01,5.587653535488076306e-01,7.019823543224782414e-01,1.825739349028151992e+03
4.323136803951023843e+00,7.840268986439005161e-01,-7.484974216273766245e+00,-4.501617009552971171e-01,6.682409796496245891e-01,5.922891490729111919e-01,1.832757859376802344e+03
4.153430233735674548e+00,2.284942849826711253e+00,-7.264152139874487268e+00,-4.478904239152848854e-01,7.616179466396046926e-01,4.683270988543014046e-01,1.839776369725452696e+03
4.063754422968124835e+00,4.114628982628233622e+00,-6.926825941145457577e+00,-4.348289989116891907e-01,8.366467171031454209e-01,3.330825910582402849e-01,1.846794880074103048e+03
4.063014550797630520e+00,4.148248713331735615e+00,-6.920153464297787771e+00,-4.112920970756128169e-01,8.915197853252325721e-01,1.898138120820166974e-01,1.846912573571727080e+03
4.074092933352717161e+00,6.350480837239460996e+00,-6.456981391128511660e+00,-7.382335318669386304e-01,6.458587749852612303e-01,1.946167906488199262e-01,1.853931083920377432e+03
4.207627408605451258e+00,8.968315691877691620e+00,-5.858726473904568799e+00,-9.416955033902901784e-01,2.921691621599895594e-01,1.668674910752848406e-01,1.860949594269027784e+03
4.364911123064078247e+00,1.179720584954986151e+01,-5.224495974649975061e+00,-9.876462095139427744e-01,-1.103897209566730708e-01,1.112073484096282455e-01,1.867968104617678136e+03
4.247963985066498083e+00,1.404467236264148333e+01,-4.857959319420101174e+00,-8.683997412387601811e-01,-4.944844409692864540e-01,3.694627256195191084e-02,1.874465003808173833e+03
3.549559857191164181e+00,1.555628325879352580e+01,-4.804117207100693676e+00,-7.277254863743993774e-01,-6.857895647012207663e-01,1.030967636155096130e-02,1.881483514156824185e+03
2.366869473251098643e+00,1.631457523544310462e+01,-4.646707397469233669e+00,-5.455006423295003515e-01,-8.379384898903962098e-01,-1.691556609971752584e-02,1.888356515473016316e+03
9.638387350620165606e-01,1.678517344186623106e+01,-4.024814798976749763e+00,-3.570745112432767154e-01,-9.338752907621760135e-01,-1.930633895302691708e-02,1.895375025821666668e+03
-2.992325190904089327e-01,1.705370571739557661e+01,-3.435143099021110480e+00,-1.526821629516621759e-01,-9.880547089919914372e-01,-2.083384637278712370e-02,1.902393536170317020e+03
-5.766603959238438826e-01,1.709137421438429527e+01,-3.355945906817769053e+00,5.853726799670370268e-02,-9.980541831214848614e-01,-2.142978787396609269e-02,1.904180209260391848e+03
-1.501453132338134600e+00,1.710313626347566185e+01,-3.388774147293606820e+00,1.427209398235397830e-01,-9.891356514823184121e-01,-3.520506068201631478e-02,1.911198719609042200e+03
-2.256675489532364853e+00,1.685209589659028495e+01,-3.828155050415178451e+00,2.258547089097944216e-01,-9.729408409736611807e-01,-4.872135490553649445e-02,1.918217229957692552e+03
-2.489814682183031813e+00,1.672793342776417802e+01,-3.993457683035743333e+00,3.073270627187071335e-01,-9.495888769361060522e-01,-6.187924785078812578e-02,1.920421004952668000e+03
-3.387911786838707862e+00,1.618924753380704828e+01,-4.315663882150763797e+00,4.293926240434682851e-01,-9.030772397395477880e-01,8.454198942878167478e-03,1.927439515301318352e+03
-4.411972044486955902e+00,1.537756803820426654e+01,-4.098549617050890603e+00,5.420071570876194844e-01,-8.366887340117735716e-01,7.860155241391131309e-02,1.934458025649968704e+03
-4.465546935190080724e+00,1.532651072863616903e+01,-4.068660047988742257e+00,6.426920444476027505e-01,-7.518845542162982953e-01,1.470188869928140130e-01,1.934833548937181376e+03
-4.946499100506039248e+00,1.419601805406334272e+01,-3.103857445138863635e+00,7.375293405432467031e-01,-6.489264866222846928e-01,-1.869301655659288408e-01,1.941852059285831729e+03
-4.502852924349158847e+00,1.283214746129780259e+01,-1.379216066158594156e+00,7.356642212222813670e-01,-4.608833316939489055e-01,-4.963695278527534560e-01,1.948870569634482081e+03
-3.939101745640638530e+00,1.165024761196422709e+01,8.929936317374425059e-01,6.373412505809108453e-01,-2.124106897913402292e-01,-7.407265549249574255e-01,1.955889079983132433e+03
-3.853141387408917318e+00,1.117626401906105826e+01,2.275552845053013140e+00,4.554522054403180031e-01,6.391254433304982552e-02,-8.879619784861496612e-01,1.959877252758428313e+03
-3.948694914860558569e+00,1.069175050545084638e+01,4.349487080453450005e+00,6.444083520347555494e-01,7.889269093255101006e-02,-7.605996444553609903e-01,1.966895763107078665e+03
-4.215309467213943506e+00,1.062541840492339240e+01,5.729128401808987192e+00,7.997585181695248124e-01,8.975857456859387407e-02,-5.935719930278982037e-01,1.973914273455729017e+03
-4.527100707768555665e+00,1.084425619809274544e+01,6.334796971205336469e+00,9.134012153933481759e-01,9.594354130911197931e-02,-3.955895051682921659e-01,1.980932783804379369e+03
-4.701396039871891475e+00,1.106019249984091957e+01,6.352580388633167985e+00,9.794099697566749363e-01,9.712504378526638782e-02,-1.769769392065050351e-01,1.985277154095042533e+03
-4.860742479840593155e+00,1.142741576941667248e+01,5.740026438257367580e+00,9.691878929625168393e-01,7.860808969626927045e-02,-2.334386350961673295e-01,1.992295664443692885e+03
-4.870884268793251870e+00,1.149458220038136425e+01,5.536185647139377330e+00,9.554425288666946736e-01,5.980537206889534330e-02,-2.890517107550449327e-01,1.993595744716590161e+03
-4.885976218829470419e+00,1.180019879335130817e+01,4.035168844153973033e+00,9.787938218555211067e-01,1.051809773599492355e-02,-2.045727839027182970e-01,2.000614255065240513e+03
-4.839616128894696168e+00,1.186218576880773767e+01,2.291021039614249410e+00,9.922483058879095763e-01,-3.887551671931634839e-02,-1.180253941260531597e-01,2.007632765413890866e+03
-4.836109572216047425e+00,1.185600901620320791e+01,2.212944870954812959e+00,9.956699454898079171e-01,-8.787606270136896769e-02,-3.028460414509782234e-02,2.007974849643522475e+03
-4.621760598273659149e+00,1.128850487309941464e+01,1.689808855193419612e+00,9.075099834430295775e-01,4.124653137841198802e-01,-7.934730541573824236e-02,2.014993359992172827e+03
-3.766093925514105489e+00,9.982812848349386314e+00,2.644556640230143252e+00,5.829243034568485360e-01,8.053506729924079233e-01,-1.077383402069619633e-01,2.022011870340823180e+03
-2.393483869112679407e+00,8.667521049409325329e+00,3.322258415770130036e+00,1.064743920992344134e-01,9.884249959928098628e-01,-1.080612378432491277e-01,2.028168003686437260e+03
-1.047097903534397245e+00,7.620065909108392432e+00,3.360283823688564375e+00,7.249520488539887286e-02,9.960356300779175109e-01,-5.153124170636706053e-02,2.035186514035087612e+03
-6.723201460535153107e-01,7.319302400088731453e+00,3.406642385760850988e+00,3.819644718862656718e-02,9.992555835451633062e-01,5.225912682525785981e-03,2.038704497407914459e+03
-4.605767960467178068e-01,7.067582661961425927e+00,4.329681111080508238e+00,7.915068220476067021e-03,9.988821837833119499e-01,4.658041003258595047e-02,2.045723007756564812e+03
-4.684646482178592697e-01,7.067588918564566391e+00,4.410645031489568879e+00,-2.238710565913012290e-02,9.958844198681460202e-01,8.781252613985816857e-02,2.046090226308928550e+03
-5.336710708272687231e-01,7.093151176218674969e+00,5.819876965199007657e+00,-8.944106998600117805e-03,9.992044891632692050e-01,-3.883801968101018715e-02,2.052038275786038866e+03
-4.866878769567932750e-01,7.183208412916827434e+00,7.779711280940776241e+00,2.271810275705241772e-02,9.768411358182688131e-01,-2.127516937168721367e-01,2.059056786134688991e+03
-5.174188102892106622e-01,7.375199903315592387e+00,9.937288810612809442e+00,5.365903693154447374e-02,9.234644153494246943e-01,-3.799107544383802382e-01,2.066075296483339116e+03
-8.395654285733289424e-01,7.717690581046927178e+00,1.200022559262258426e+01,8.289637565076828085e-02,8.407689452196708269e-01,-5.350081977472724848e-01,2.073011912868362742e+03
-1.414784417927984705e+00,8.210657420309082966e+00,1.387024609814221598e+01,1.419167958418174613e-01,7.551518907693905991e-01,-6.400025350930983459e-01,2.080030423217012867e+03
-2.064874633885613875e+00,8.807966333879878817e+00,1.543517316576030041e+01,1.978380912030883731e-01,6.530441945399219072e-01,-7.310207723773426425e-01,2.087048933565662992e+03
-2.613243050281564894e+00,9.461016023918423556e+00,1.660898503623082689e+01,2.494390844419333841e-01,5.366756363036310207e-01,-8.060753094787597162e-01,2.094067443914313117e+03
-2.885624663968047621e+00,1.011677070707223791e+01,1.730571330776286842e+01,2.955929427736708748e-01,4.085874107457658777e-01,-8.635271506807812303e-01,2.101085954262963241e+03
-2.710131530967609059e+00,1.071781231174897187e+01,1.743945467293035279e+01,3.352917837059087303e-01,2.715766363553460683e-01,-9.021216937672622560e-01,2.108104464611613366e+03
-2.678369011317799586e+00,1.075769873870070725e+01,1.742722120700241817e+01,3.676686836102369127e-01,1.286352765899549666e-01,-9.210161261938036859e-01,2.108606706054075858e+03
-1.875678854435954834e+00,1.123917047348043852e+01,1.690560681222966366e+01,8.144765203600740425e-03,1.271793167967051330e-01,-9.918452924621301570e-01,2.115625216402725982e+03
-2.766853497075351664e-01,1.153394493593597048e+01,1.564330634488412208e+01,-3.524728789962945918e-01,1.086461441547076218e-01,-9.294928105868104362e-01,2.122643726751376107e+03
1.853173786923146826e+00,1.162135925074928444e+01,1.377902801113813780e+01,-6.657616801020265207e-01,7.552432408338165259e-02,-7.423310998332137700e-01,2.129662237100026232e+03
3.389488239183887863e+00,1.159083715893875066e+01,1.190024457924434564e+01,-8.896541976360030635e-01,3.226134698754194730e-02,-4.554916180561239258e-01,2.136680747448676357e+03
3.471215584177179014e+00,1.158607864968776724e+01,1.173704827155569497e+01,-9.940868783507010864e-01,-1.533357029249641720e-02,-1.074902782275708318e-01,2.137362902931098688e+03
3.676934101626213813e+00,1.157245238759309558e+01,1.128659091136241877e+01,-9.964570186923050743e-01,1.125883742375884816e-02,-8.333455721181012854e-02,2.139284793278920461e+03
3.955658840227151085e+00,1.152685412566305168e+01,9.890751796501811910e+00,-9.988131445550366694e-01,2.346106918276974300e-04,-4.868518429218143123e-02,2.145918129657789450e+03
3.933928456935958717e+00,1.150551137863359408e+01,8.528600799659296072e+00,-9.982876017921342715e-01,-8.541946714221169967e-03,-5.785239129747171000e-02,2.152936640006439575e+03
3.982924446766282767e+00,1.153744782992634654e+01,7.273393232503239325e+00,-9.976009931538778464e-01,-1.731712602050291053e-02,-6.701026435310672436e-02,2.159368698519512236e+03
4.023571647642653737e+00,1.156640585306650948e+01,6.238576408955725405e+00,-9.984794189152359500e-01,4.486905722702221738e-02,-3.199402570350327185e-02,2.164828206078095263e+03
4.034636348318670684e+00,1.156520660859821525e+01,5.733187200639191516e+00,-9.993424856840794623e-01,-3.173541234305506803e-02,-1.747741076406134769e-02,2.167542399258043133e+03
4.029088906496069100e+00,1.155833053861159954e+01,4.616434268091965443e+00,-9.988959331235941486e-01,-2.746590121375982671e-02,3.808594263333752589e-02,2.173479490817127498e+03
4.015182057929124859e+00,1.155099337842031204e+01,4.103204296973859577e+00,-9.973382175242567760e-01,4.854756121780133549e-02,5.438395114468458358e-02,2.176167386328740577e+03
3.974473989963799969e+00,1.148654492685441397e+01,3.039949256753769813e+00,-9.953978721751339798e-01,-3.839578460795518345e-04,9.581716243401286470e-02,2.181470140147130678e+03
3.726356113195310460e+00,1.151400624939811479e+01,1.688275694832272356e+00,-9.890533383493275155e-01,-1.295100192880733851e-02,1.469821942726653452e-01,2.188488650495780803e+03
3.584308021031898051e+00,1.158385480450044369e+01,1.319501195858763243e+00,-9.799235809273336706e-01,-2.548157547860513752e-02,1.977333174689767936e-01,2.190654836731767773e+03
3.200885210727312913e+00,1.186628455269699778e+01,7.162083688456036823e-01,-5.848939545787110728e-01,-3.906764187527694832e-03,-8.110991302493028021e-01,2.195335977119677864e+03
2.567063217886318416e+00,1.269402598972233775e+01,5.676758549019218503e-01,-5.859797288694299500e-01,-2.862318031398160545e-01,-7.580877998134505358e-01,2.202354487468327989e+03
1.940857258974222566e+00,1.383402494504098534e+01,1.210487480918778447e+00,-5.387110614183679980e-01,-5.449372757799247902e-01,-6.425198500993113404e-01,2.209372997816978113e+03
1.241643289005114781e+00,1.494643261394280565e+01,2.201362554581885345e+00,-4.469885163244991522e-01,-7.586750864845019926e-01,-4.739318299316250260e-01,2.216391508165628238e+03
3.725958970618916677e-01,1.569364132305745763e+01,3.096972840896026202e+00,-3.183809382684844591e-01,-9.098078195651984057e-01,-2.662354401762328515e-01,2.223410018514278363e+03
3.420201739522866213e-01,1.570862369373663014e+01,3.119934901871488808e+00,-1.635008837298340956e-01,-9.858641529842016027e-01,-3.656956221733485835e-02,2.223628727565386725e+03
5.670305484761368683e-03,1.586585943574167956e+01,3.390770108968765406e+00,-1.344301256422480439e-01,-9.908793839848579754e-01,9.197156047282510974e-03,2.226170076501355652e+03
-4.241259934280295907e-01,1.604225313706152178e+01,4.125449500612662135e+00,3.984762264837812124e-02,-9.980184157633039677e-01,4.867657298796637666e-02,2.231471738619234202e+03
-5.134281766763398869e-01,1.606489027046136897e+01,4.593944485737400996e+00,-1.151327532255560886e-02,-9.989887915766284543e-01,4.343775730153534576e-02,2.234156098565320008e+03
-5.874003163523559001e-01,1.606209127350065913e+01,5.731965280154769360e+00,4.411244234689027689e-03,-9.998429287536040322e-01,-1.710727085971036621e-02,2.240093257023703245e+03
-4.659187708520847737e-01,1.600976014647551082e+01,7.139133741376191722e+00,-8.957738369162261335e-03,-9.992529050672647184e-01,-3.756847880927079858e-02,2.247111767372353370e+03
-4.507259554811438029e-01,1.600564526244095376e+01,7.237957470944236249e+00,-2.232136657157724260e-02,-9.980655879036650635e-01,-5.800723057076811323e-02,2.247611627120953017e+03
-3.737605128928445652e-01,1.598497230561816629e+01,7.752943516432402760e+00,2.452802254436192708e-02,-9.969084403815779982e-01,-7.463201436594792126e-02,2.250215924582217667e+03
-3.097526365669553972e-01,1.590942582118816695e+01,9.082037849266431095e+00,1.324588423502355387e-03,-9.974543466618672749e-01,-7.128163654282169970e-02,2.256941064913206901e+03
-3.801956849780313008e-01,1.580176621279338178e+01,9.945957307210578691e+00,-2.539261819367397838e-02,-9.975946568163683859e-01,-6.448345185195895890e-02,2.261510049320788767e+03
-4.373500339335408826e-01,1.571587757624340398e+01,1.036192646591010558e+01,2.635700097313679532e-02,-9.979982728944972736e-01,-5.746960730245211091e-02,2.263869698790566872e+03
-8.712670819349672691e-01,1.520586597696559927e+01,1.127575436875183179e+01,2.774531784544959634e-01,-9.506364495806450821e-01,-1.389534975981003839e-01,2.270888209139216997e+03
-1.692540332188968488e+00,1.435107864666202993e+01,1.164356803234253768e+01,5.085915210751149607e-01,-8.348932658808188023e-01,-2.104421518564066340e-01,2.277906719487867122e+03
-2.696531763594788078e+00,1.336159622908619049e+01,1.154258449704974865e+01,7.031457587621632310e-01,-6.590943853335040625e-01,-2.667932404638675981e-01,2.284925229836517246e+03
-3.668891802914514333e+00,1.244217420576922883e+01,1.105008478670545458e+01,8.471211897319042006e-01,-4.358853929646358538e-01,-3.039533090916599067e-01,2.291943740185167371e+03
-3.962625932355670955e+00,1.217192644196746087e+01,1.082291449117051485e+01,9.301613403014759029e-01,-1.813221818635884497e-01,-3.192493498398620844e-01,2.294268631095975252e+03
-4.611689959872627753e+00,1.159108976384495548e+01,9.995313323255418325e+00,9.215411310176896409e-01,-8.421531976156866606e-02,-3.790352539728527037e-01,2.301287141444625377e+03
-4.841626911406582856e+00,1.140590582383299711e+01,8.934829706384309844e+00,9.008686110038405248e-01,1.399294100563280158e-02,-4.338639686627111525e-01,2.307719247857450227e+03
-4.872776476694481218e+00,1.141510164926929427e+01,7.042833112659805828e+00,9.738923131121962617e-01,4.445851169022635094e-03,-2.269625450744277295e-01,2.314737758206100352e+03
-4.832015010831097968e+00,1.146946415441373013e+01,4.804863421092601783e+00,9.999433351686434213e-01,-5.315670808808062829e-03,-9.114279645818340950e-03,2.321169914050567513e+03
-4.708834213923577927e+00,1.154807447208696658e+01,2.818898107015112231e+00,9.965496253055496911e-01,-4.847997577789040294e-03,8.284528482934153115e-02,2.328188424399217638e+03
-4.621133618726608105e+00,1.164037591517853798e+01,1.469930680374185172e+00,9.847168234682495136e-01,-4.339270097129742723e-03,1.741032690940361727e-01,2.335206934747867763e+03
-4.621576927774837529e+00,1.165816776020107426e+01,1.230525593273781082e+00,9.645451285127444319e-01,-3.793796209622499367e-03,2.638869117023973643e-01,2.336621572165599900e+03
-4.758273258301539244e+00,1.172510427223943097e+01,2.085511153829331180e-02,9.998927040825787982e-01,-1.954657994798480840e-03,1.444851665023051505e-02,2.343640082514250025e+03
-4.997485851643056698e+00,1.174824273011805253e+01,-9.165380320278213588e-01,9.717746163036119489e-01,8.547207090642216333e-06,-2.359069626638479189e-01,2.348855237336587834e+03
-5.406866858577868307e+00,1.173964072734819730e+01,-2.258578338989464473e+00,9.888479652937308684e-01,-1.514373055639115992e-02,-1.481498192870269459e-01,2.355873747685237959e+03
-5.757910395792934288e+00,1.169934823330307161e+01,-3.667653484187441748e+00,9.977905865579259626e-01,-3.017148691271787433e-02,-5.917454477525956741e-02,2.362892258033888083e+03
-5.865578261212941236e+00,1.167599754584480465e+01,-4.371466623252339367e+00,9.985289539504452749e-01,-4.495116384778777979e-02,3.028730734838120872e-02,2.366362772271179438e+03
-5.888746537595356934e+00,1.137443980180400693e+01,-5.401882626656900221e+00,9.971953070596947244e-01,7.391806287158084188e-02,-1.164643920005189320e-02,2.372917225974063513e+03
-5.632070019615500911e+00,1.037398017984257237e+01,-5.788304628324763002e+00,9.524232961984062662e-01,2.985514904422230109e-01,6.127701373226081272e-02,2.379935736322713637e+03
-5.114307203923226908e+00,9.086113092387392953e+00,-5.966540278017747667e+00,8.526177378273223084e-01,5.059338209079938808e-01,1.306597183597053569e-01,2.386715076025248891e+03
-4.316094753114231075e+00,8.245540819757209761e+00,-6.685315191848241412e+00,7.187662070791981384e-01,6.227933289116006632e-01,3.090333461343793275e-01,2.393733586373899016e+03
-3.566054509049481069e+00,8.257374694558043515e+00,-7.557934044163779674e+00,5.393523333944956200e-01,7.001741831504545432e-01,4.678174576796543804e-01,2.399460729643586546e+03
-2.678154256229221541e+00,9.246337928152332353e+00,-8.520004265440867641e+00,4.584326691915922014e-01,5.982377310754749544e-01,6.572283506788291207e-01,2.406479239992236671e+03
-1.867620995037498899e+00,1.092232846825173098e+01,-9.241643106601561186e+00,3.533006140399145845e-01,4.647050009933154646e-01,8.119272985750629612e-01,2.413497750340886796e+03
-1.167001155748862207e+00,1.248190095466728344e+01,-9.725924440176177299e+00,2.295087789881785911e-01,3.066286024784493636e-01,9.237438067505789885e-01,2.420516260689536921e+03
-6.471769092309749283e-01,1.312290377818338882e+01,-9.975954528478908401e+00,9.359529294668975097e-02,1.323574211582175808e-01,9.867722301539791907e-01,2.427534771038187046e+03
-4.503009281790844587e-01,1.297618298582408336e+01,-1.003418206890549413e+01,-4.726150468388649883e-02,-4.890432269703490903e-02,9.976836760200464838e-01,2.431362472993725078e+03
-3.645110060300954524e-01,1.281117938836274561e+01,-1.005558437767838953e+01,4.519999430968068763e-03,-7.139656421767627548e-02,9.974367650082530679e-01,2.433344024503155197e+03
-1.666987666884220121e-01,1.198911530713405860e+01,-1.004661365657358196e+01,-7.037644635494364614e-03,-4.392317569959124091e-02,9.990091221455404957e-01,2.439260985669431648e+03
-8.396158257070886199e-03,1.060668472560098330e+01,-9.772552826316720953e+00,-7.097173200207488632e-03,2.173659175497761331e-01,9.760633627079764452e-01,2.446279496018081772e+03
9.044252074895990645e-02,9.152954853594099660e+00,-9.164870156612314744e+00,-6.668425903252551273e-03,4.637005323592243156e-01,8.859657715658285637e-01,2.453298006366731897e+03
9.074168269611879167e-02,7.812213977856123037e+00,-8.280408987554530142e+00,-5.780899971336534576e-03,6.781331818252837040e-01,7.349149399104126790e-01,2.460316516715382022e+03
-3.786352108648267240e-02,6.769645935364200895e+00,-7.176050431110515326e+00,-4.495655980653562138e-03,8.459111906615818244e-01,5.333029594810961838e-01,2.467335027064032147e+03
-3.170179157043903073e-01,6.211136154484967697e+00,-5.908705604060461525e+00,-2.901116972710201906e-03,9.554916596458825628e-01,2.950004607927868561e-01,2.474353537412682272e+03
-3.298281894695558880e-01,6.201504994333238763e+00,-5.860949473169594803e+00,-1.106985067148961305e-03,9.993356016820746923e-01,3.640233227802058130e-02,2.474604667453931143e+03
-4.132270679761085863e-01,6.143891542986148480e+00,-5.553875969987090322e+00,-2.471594157860740673e-02,9.993462936161838783e-01,2.634592173661486417e-02,2.476215961166984471e+03
-7.073868335260238283e-01,6.059958325897142117e+00,-4.752799829074644045e+00,3.739377562784401698e-02,9.992573954686387872e-01,9.184939683402346469e-03,2.480445395364471551e+03
-1.697793930268065798e+00,6.250851416321046905e+00,-3.648738256303908134e+00,2.506662730744666501e-01,9.679048049652462238e-01,-1.801965781440333092e-02,2.487463905713121676e+03
-3.097564834115351662e+00,6.977092220632808761e+00,-3.177973033416086501e+00,4.521051977991245585e-01,8.908590664009531368e-01,-4.437357247093822593e-02,2.494482416061771801e+03
-3.452669951519907521e+00,7.239572332027504054e+00,-3.172812802081296013e+00,6.322010345441139156e-01,7.717573489903521988e-01,-6.863269046114570116e-02,2.496244337653156890e+03
-4.676094282082612352e+00,8.524285251720163714e+00,-3.499841303490331956e+00,8.031426766448214183e-01,5.921997304491902758e-01,-6.526346763870478906e-02,2.503262848001807015e+03
-5.504417456635674277e+00,1.009728283468787779e+01,-4.186712067770107737e+00,9.247123495342932653e-01,3.762375750362583204e-01,-5.788227492266456026e-02,2.510281358350457140e+03
-5.875537708916824364e+00,1.166644457404383317e+01,-4.687452109730656957e+00,9.894367689068312988e-01,1.371468126547081834e-01,-4.694286010130311465e-02,2.517299868699107265e+03
-5.787063528204868135e+00,1.304055106942233344e+01,-4.674708626876251216e+00,9.933371085451785376e-01,-1.103748447403490318e-01,-3.311770578098455209e-02,2.524318379047757389e+03
-5.755600772612682547e+00,1.316843546556965627e+01,-4.644208319010580510e+00,9.361735877825698715e-01,-3.511114070791453989e-01,-1.725669022775796341e-02,2.525034968345896232e+03
-5.306073725888380110e+00,1.436528421952955981e+01,-4.240531326855703220e+00,9.155916349037629409e-01,-3.200140390844768423e-01,2.434768426022158039e-01,2.532053478694546357e+03
-4.648288464815218290e+00,1.551261718602500217e+01,-3.795379017861541193e+00,8.314925657421677885e-01,-2.667164184981172803e-01,4.873196745664700180e-01,2.539071989043196481e+03
-3.916233462563729617e+00,1.673315432857310370e+01,-3.637314475511745027e+00,6.897105641475427262e-01,-1.949159440564393053e-01,6.973558004751166939e-01,2.546090499391846606e+03
-3.252912625079230846e+00,1.795091943175160054e+01,-3.876127494859112232e+00,5.000814014578276456e-01,-1.095935969504538976e-01,8.590144558874498459e-01,2.552455191109251700e+03
-2.493319297722239813e+00,1.934637811140371966e+01,-4.424241550424617309e+00,3.175251634581310878e-01,-1.469876516720619863e-01,9.367872761876911980e-01,2.559473701457901825e+03
-1.628206416185286942e+00,2.066457261707244797e+01,-4.994915677498672046e+00,1.220222567802765751e-01,-1.783884580416609245e-01,9.763637267372374806e-01,2.566492211806551950e+03
-5.828217846973234861e-01,2.175803673972673025e+01,-5.277115343783674639e+00,-7.845594398700735106e-02,-2.025156923202069137e-01,9.761301446106688262e-01,2.573510722155202075e+03
6.581401621289708626e-01,2.251391373454794476e+01,-5.084374809265475470e+00,-2.757352097670113245e-01,-2.183855992040844296e-01,9.360960549833432509e-01,2.580529232503852199e+03
1.306723887847452970e+00,2.276619090743420770e+01,-4.846954773936022143e+00,-4.617717392415330857e-01,-2.253511017234644809e-01,8.578937823472235769e-01,2.583933728632589464e+03
2.631555148118537080e+00,2.304955344870811729e+01,-4.199814186909865299e+00,-5.490015926395493961e-01,-2.401387066503813117e-01,8.005801976356650140e-01,2.590952238981239589e+03
3.839057257478931895e+00,2.295601484625694511e+01,-3.418467322818093734e+00,-6.301305987636307560e-01,-2.522577461810483479e-01,7.343701096806990458e-01,2.597970749329889713e+03
4.781147170598043949e+00,2.249039659722658868e+01,-2.690188047148082795e+00,-7.042572195106788779e-01,-2.615735494950938711e-01,6.599992780076556764e-01,2.604989259678539838e+03
5.309815075425634134e+00,2.166121631703349237e+01,-2.202242962677769977e+00,-7.705577278441197997e-01,-2.679825953938422267e-01,5.782941436886115394e-01,2.612007770027189963e+03
5.376151072254530483e+00,2.076278913994282505e+01,-2.075278689066985649e+00,-8.282953599240648890e-01,-2.714136624831511857e-01,4.901626470308746431e-01,2.617637798129632756e+03
4.880633450754032765e+00,1.936438121931123746e+01,-2.415340779835307039e+00,-7.949231454746487069e-01,-1.048444398261422078e-01,5.975808198274433769e-01,2.624656308478282881e+03
3.825380637462401534e+00,1.766094059484234435e+01,-3.196560951912894577e+00,-7.294378354829277322e-01,6.596023084189578389e-02,6.808580557742237582e-01,2.631674818826933006e+03
3.171944319663144274e+00,1.663181513163183212e+01,-3.629389817110003413e+00,-6.344848617110855349e-01,2.341002930772877466e-01,7.366301738590196324e-01,2.635530414253182698e+03
2.292626484112066709e+00,1.466547100835003903e+01,-3.890091578938099648e+00,-7.012070903082079365e-01,3.745923491936191119e-01,6.066194758062277703e-01,2.642548924601832823e+03
1.855887148748057713e+00,1.264882553220651751e+01,-3.388673442562714300e+00,-7.391148024795088922e-01,4.996913924457899170e-01,4.516811055064034464e-01,2.649567434950482948e+03
1.708629159768781713e+00,1.073495184282110060e+01,-2.314431940257715592e+00,-7.466502571122224374e-01,6.042567520591355379e-01,2.781819029795968290e-01,2.656585945299133073e+03
1.705408923547792721e+00,9.080716708786571445e+00,-8.567418379331394052e-01,-7.235037952560806618e-01,6.839915415434530965e-01,9.325143080501098469e-02,2.663604455647783197e+03
1.715996127589458409e+00,7.846184250107221203e+00,7.923993875805988019e-01,-6.706265671976024967e-01,7.356192330444826233e-01,-9.551100116711792876e-02,2.670622965996433322e+03
1.641754894065781567e+00,7.193278278894648992e+00,2.437736134091114781e+00,-5.901914475068561483e-01,7.570183014383882192e-01,-2.803486161501336227e-01,2.677641476345083447e+03
1.416942656141232604e+00,7.284869649264670066e+00,3.885260382714054828e+00,-4.855037440158529449e-01,7.473094043392244368e-01,-4.536659219437007007e-01,2.684659986693733572e+03
9.923140458392291086e-01,8.284942990712034216e+00,4.942899831102415042e+00,-3.608653705386429267e-01,7.068915152894300613e-01,-6.083408337093725304e-01,2.691678497042383697e+03
8.617817199638124759e-01,8.654846785037697998e+00,5.135644576374781778e+00,-2.213980659769654580e-01,6.374255258231137367e-01,-7.380173408608281527e-01,2.693376578997051638e+03
1.799151842417832936e-01,1.081454636343065268e+01,5.552104578025158332e+00,2.897933586176517085e-01,4.493048965587853605e-01,-8.450697718117780033e-01,2.700395089345701763e+03
-8.533500234446248500e-01,1.342368189219268615e+01,5.371152576021620995e+00,7.116800833454210995e-01,1.227233598789827240e-01,-6.916996717577169607e-01,2.707303288635998797e+03
-2.336576005826996649e+00,1.529560598788963510e+01,4.929999172235043581e+00,7.198123340621165323e-01,8.747931081768142714e-02,-6.886331199557258476e-01,2.714321798984648922e+03
-3.917378455585347474e+00,1.619540882702362339e+01,4.574486466612216695e+00,7.269960986487912225e-01,5.212000101054119205e-02,-6.846591692464804035e-01,2.721340309333299047e+03
-4.967840906532732248e+00,1.685804353745102091e+01,4.552600164797733662e+00,7.332219133580119008e-01,1.669201404389734217e-02,-6.797830554138906134e-01,2.728358819681949171e+03
-5.179899967483561518e+00,1.757504797654511108e+01,4.860378224337805086e+00,7.384815757683576010e-01,-1.875797607399622494e-02,-6.740112021123985109e-01,2.734161555851827870e+03
-4.672415602966860426e+00,1.871552627385113254e+01,5.527784765413238155e+00,5.768849809681435570e-01,-1.004493407941366712e-01,-8.106242339505917993e-01,2.741180066200477995e+03
-3.522810039375712687e+00,2.003640658863879409e+01,6.333429062568953327e+00,3.856075760521475715e-01,-1.769725651058418059e-01,-9.055305121814967162e-01,2.748198576549128120e+03
-2.038521034359463524e+00,2.138019748711439405e+01,7.034589021600816672e+00,1.744906114220988735e-01,-2.443905209966156511e-01,-9.538471050295252995e-01,2.755217086897778245e+03
-5.339936500003396036e-01,2.259728563986285366e+01,7.388556793700217007e+00,-4.560392090430246542e-02,-2.992345479494795124e-01,-9.530881216929868449e-01,2.762235597246428370e+03
7.664466583536186928e-01,2.359440276126363045e+01,7.244853503967998876e+00,-2.633521333303363576e-01,-3.386829139614643269e-01,-9.032926091037796201e-01,2.769254107595078494e+03
1.516610337664055619e+00,2.415245844258893371e+01,6.907310573818321586e+00,-4.675508525176254038e-01,-3.607059929977678436e-01,-8.070225442489389334e-01,2.773964493548980045e+03
2.505460246532011492e+00,2.486500707691904566e+01,6.150564651534258687e+00,-5.860997882832306161e-01,-4.464824471042951881e-01,-6.761201539685695039e-01,2.780983003897630169e+03
3.365220388549922781e+00,2.545857800844642682e+01,5.141011497670897157e+00,-6.820563414465035112e-01,-5.150483476861584808e-01,-5.191554166517718949e-01,2.788001514246280294e+03
4.164041985266502266e+00,2.598689765078605518e+01,4.004909338553469311e+00,-7.517216994544122510e-01,-5.637607030485530801e-01,-3.421788366747664512e-01,2.795020024594930419e+03
4.954359410491917970e+00,2.648927495312224423e+01,2.836983649759388992e+00,-7.924104853357479827e-01,-5.907418076064573365e-01,-1.520123004109923126e-01,2.802038534943580544e+03
5.564766804710353121e+00,2.686448538038421319e+01,1.943977318039560753e+00,-8.025542662572704433e-01,-5.949516185097788457e-01,4.401387673294377550e-02,2.807404139460104943e+03
